1 2 3
0 4 5
0 6 7
0 8 9
1 6 8
1 7 9
2 4 10
2 5 11
3 4 12
3 5 13
6 14 15
7 14 16
8 15 17
9 16 17
10 11 17
10 12 16
11 13 15
12 13 14

1 2 3
0 4 5
0 6 7
0 8 9
1 6 8
1 7 9
2 4 10
2 5 11
3 4 12
3 5 13
6 14 15
7 14 16
8 16 17
9 15 17
10 11 17
10 13 16
11 12 15
12 13 14

1 2 3
0 4 5
0 6 7
0 8 9
1 6 8
1 7 10
2 4 9
2 5 11
3 4 12
3 6 13
5 14 15
7 14 16
8 15 17
9 16 17
10 11 17
10 12 16
11 13 15
12 13 14

1 2 3
0 4 5
0 6 7
0 8 9
1 6 8
1 7 10
2 4 9
2 5 11
3 4 12
3 6 13
5 14 15
7 14 16
8 16 17
9 15 17
10 11 17
10 13 16
11 12 15
12 13 14

1 2 3
0 4 5
0 6 7
0 8 9
1 6 8
1 7 10
2 4 9
2 5 11
3 4 12
3 6 13
5 14 15
7 16 17
8 14 16
9 15 17
10 12 17
10 13 16
11 12 15
11 13 14

1 2 3
0 4 5
0 6 7
0 8 9
1 6 8
1 7 10
2 4 11
2 5 8
3 4 7
3 12 13
5 14 15
6 16 17
9 14 16
9 15 17
10 12 17
10 13 16
11 12 15
11 13 14

1 2 3
0 4 5
0 6 7
0 8 9
1 6 8
1 7 10
2 4 11
2 5 9
3 4 12
3 7 13
5 14 15
6 14 16
8 15 17
9 16 17
10 11 17
10 12 16
11 13 15
12 13 14

1 2 3
0 4 5
0 6 7
0 8 9
1 6 8
1 7 10
2 4 11
2 5 9
3 4 12
3 7 13
5 14 15
6 14 16
8 16 17
9 15 17
10 11 17
10 13 16
11 12 15
12 13 14

1 2 3
0 4 5
0 6 7
0 8 9
1 6 8
1 7 10
2 4 11
2 5 9
3 4 12
3 7 13
5 14 15
6 16 17
8 14 16
9 15 17
10 12 17
10 13 16
11 12 15
11 13 14

1 2 3
0 4 5
0 6 7
0 8 9
1 6 8
1 7 10
2 4 11
2 5 12
3 4 12
3 13 14
5 13 15
6 14 16
7 8 17
9 10 16
9 11 15
10 14 17
11 13 17
12 15 16

1 2 3
0 4 5
0 6 7
0 8 9
1 6 8
1 7 10
2 4 11
2 5 12
3 4 12
3 13 14
5 15 16
6 13 15
7 8 17
9 11 16
9 15 17
10 11 14
10 13 17
12 14 16

1 2 3
0 4 5
0 6 7
0 8 9
1 6 8
1 7 10
2 4 11
2 5 12
3 4 13
3 10 14
5 9 15
6 12 16
7 11 17
8 14 16
9 13 17
10 16 17
11 13 15
12 14 15

1 2 3
0 4 5
0 6 7
0 8 9
1 6 8
1 7 10
2 4 11
2 5 12
3 4 13
3 10 14
5 9 15
6 12 16
7 11 17
8 14 17
9 13 16
10 16 17
11 14 15
12 13 15

1 2 3
0 4 5
0 6 7
0 8 9
1 6 8
1 7 10
2 4 11
2 5 12
3 4 13
3 10 14
5 9 15
6 12 16
7 11 17
8 15 16
9 16 17
10 13 17
11 13 14
12 14 15

1 2 3
0 4 5
0 6 7
0 8 9
1 6 8
1 7 10
2 4 11
2 5 12
3 4 13
3 10 14
5 9 15
6 12 16
7 11 17
8 15 17
9 16 17
10 13 16
11 14 15
12 13 14

1 2 3
0 4 5
0 6 7
0 8 9
1 6 8
1 7 10
2 4 11
2 5 12
3 4 13
3 10 14
5 9 15
6 14 16
7 13 16
8 12 17
9 11 17
10 16 17
11 12 15
13 14 15

1 2 3
0 4 5
0 6 7
0 8 9
1 6 8
1 7 10
2 4 11
2 5 12
3 4 13
3 10 14
5 9 15
6 14 16
7 13 17
8 12 16
9 11 17
10 16 17
11 13 15
12 14 15

1 2 3
0 4 5
0 6 7
0 8 9
1 6 8
1 7 10
2 4 11
2 5 12
3 4 13
3 10 14
5 9 15
6 14 16
7 15 16
8 16 17
9 11 17
10 12 17
11 12 13
13 14 15

1 2 3
0 4 5
0 6 7
0 8 9
1 6 8
1 7 10
2 4 11
2 5 12
3 4 13
3 10 14
5 9 15
6 14 16
7 15 17
8 16 17
9 11 17
10 12 16
11 13 15
12 13 14

1 2 3
0 4 5
0 6 7
0 8 9
1 6 8
1 7 10
2 4 11
2 5 12
3 4 13
3 10 14
5 9 15
6 14 16
7 16 17
8 15 16
9 11 17
10 13 17
11 12 13
12 14 15

1 2 3
0 4 5
0 6 7
0 8 9
1 6 8
1 7 10
2 4 11
2 5 12
3 4 13
3 10 14
5 9 15
6 14 16
7 16 17
8 15 17
9 11 17
10 13 16
11 12 15
12 13 14

1 2 3
0 4 5
0 6 7
0 8 9
1 6 8
1 7 10
2 4 11
2 5 12
3 4 13
3 10 14
5 9 15
6 16 17
7 14 16
8 15 16
9 12 17
10 13 17
11 12 13
11 14 15

1 2 3
0 4 5
0 6 7
0 8 9
1 6 8
1 7 10
2 4 11
2 5 12
3 4 13
3 10 14
5 9 15
6 16 17
7 14 16
8 15 17
9 12 17
10 13 16
11 12 15
11 13 14

1 2 3
0 4 5
0 6 7
0 8 9
1 6 8
1 7 10
2 4 11
2 5 12
3 4 13
3 10 14
5 9 15
6 16 17
7 15 16
8 14 16
9 13 17
10 12 17
11 12 13
11 14 15

1 2 3
0 4 5
0 6 7
0 8 9
1 6 8
1 7 10
2 4 11
2 5 12
3 4 13
3 10 14
5 9 15
6 16 17
7 15 16
8 14 17
9 13 16
10 12 17
11 12 14
11 13 15

1 2 3
0 4 5
0 6 7
0 8 9
1 6 8
1 7 10
2 4 11
2 5 12
3 4 13
3 11 14
5 13 15
6 9 16
7 14 15
8 10 17
9 12 17
10 12 16
11 15 17
13 14 16

1 2 3
0 4 5
0 6 7
0 8 9
1 6 8
1 7 10
2 4 11
2 5 12
3 4 13
3 11 14
5 13 15
6 9 16
7 14 17
8 10 17
9 12 15
10 14 16
11 15 17
12 13 16

1 2 3
0 4 5
0 6 7
0 8 9
1 6 8
1 7 10
2 4 11
2 5 12
3 4 13
3 11 14
5 13 15
6 9 16
7 16 17
8 10 17
9 15 17
10 14 16
11 12 15
12 13 14

1 2 3
0 4 5
0 6 7
0 8 9
1 6 8
1 7 10
2 4 11
2 5 12
3 4 13
3 11 14
5 14 15
6 9 16
7 13 15
8 12 17
9 10 17
10 12 16
11 15 17
13 14 16

1 2 3
0 4 5
0 6 7
0 8 9
1 6 8
1 7 10
2 4 11
2 5 12
3 4 13
3 11 14
5 14 15
6 9 16
7 13 17
8 12 15
9 10 17
10 13 16
11 15 17
12 14 16

1 2 3
0 4 5
0 6 7
0 8 9
1 6 8
1 7 10
2 4 11
2 5 12
3 4 13
3 11 14
5 14 15
6 9 16
7 15 16
8 15 17
9 10 17
10 12 13
11 12 17
13 14 16

1 2 3
0 4 5
0 6 7
0 8 9
1 6 8
1 7 10
2 4 11
2 5 12
3 4 13
3 11 14
5 14 15
6 9 16
7 15 17
8 15 16
9 10 17
10 12 13
11 13 17
12 14 16

1 2 3
0 4 5
0 6 7
0 8 9
1 6 8
1 7 10
2 4 11
2 5 12
3 4 13
3 11 14
5 14 15
6 9 16
7 15 17
8 16 17
9 10 17
10 12 16
11 13 15
12 13 14

1 2 3
0 4 5
0 6 7
0 8 9
1 6 8
1 7 10
2 4 11
2 5 12
3 4 13
3 11 14
5 14 15
6 9 16
7 16 17
8 15 17
9 10 17
10 13 16
11 12 15
12 13 14

1 2 3
0 4 5
0 6 7
0 8 9
1 6 8
1 7 10
2 4 11
2 5 12
3 4 13
3 11 14
5 15 16
6 9 15
7 14 16
8 16 17
9 12 17
10 11 17
10 12 13
13 14 15

1 2 3
0 4 5
0 6 7
0 8 9
1 6 8
1 7 10
2 4 11
2 5 12
3 4 13
3 11 14
5 15 16
6 9 15
7 14 17
8 16 17
9 12 16
10 11 17
10 13 14
12 13 15

1 2 3
0 4 5
0 6 7
0 8 9
1 6 8
1 7 10
2 4 11
2 5 12
3 4 13
3 11 14
5 15 16
6 9 15
7 16 17
8 14 16
9 13 17
10 11 17
10 12 13
12 14 15

1 2 3
0 4 5
0 6 7
0 8 9
1 6 8
1 7 10
2 4 11
2 5 12
3 4 13
3 11 14
5 15 16
6 9 15
7 16 17
8 14 17
9 13 16
10 11 17
10 12 14
12 13 15

1 2 3
0 4 5
0 6 7
0 8 9
1 6 8
1 7 10
2 4 11
2 5 12
3 4 13
3 11 14
5 15 16
6 9 17
7 14 15
8 15 17
9 12 16
10 12 13
10 14 17
11 13 16

1 2 3
0 4 5
0 6 7
0 8 9
1 6 8
1 7 10
2 4 11
2 5 12
3 4 13
3 11 14
5 15 16
6 9 17
7 14 15
8 16 17
9 12 16
10 12 17
10 13 14
11 13 15

1 2 3
0 4 5
0 6 7
0 8 9
1 6 8
1 7 10
2 4 11
2 5 12
3 4 13
3 11 14
5 15 16
6 9 17
7 15 17
8 14 15
9 13 16
10 12 13
10 14 17
11 12 16

1 2 3
0 4 5
0 6 7
0 8 9
1 6 8
1 7 10
2 4 11
2 5 12
3 4 13
3 11 14
5 15 16
6 9 17
7 15 17
8 14 16
9 13 15
10 12 14
10 13 17
11 12 16

1 2 3
0 4 5
0 6 7
0 8 9
1 6 8
1 7 10
2 4 11
2 5 12
3 4 13
3 12 14
5 13 15
6 14 15
7 9 16
8 10 17
9 11 17
10 11 16
12 15 17
13 14 16

1 2 3
0 4 5
0 6 7
0 8 9
1 6 8
1 7 10
2 4 11
2 5 12
3 4 13
3 12 14
5 13 15
6 16 17
7 9 16
8 10 17
9 15 17
10 14 16
11 12 15
11 13 14

1 2 3
0 4 5
0 6 7
0 8 9
1 6 8
1 7 10
2 4 11
2 5 12
3 4 13
3 12 14
5 14 15
6 15 16
7 9 16
8 15 17
9 10 17
10 11 13
11 12 17
13 14 16

1 2 3
0 4 5
0 6 7
0 8 9
1 6 8
1 7 10
2 4 11
2 5 12
3 4 13
3 12 14
5 14 15
6 15 16
7 9 17
8 15 17
9 10 16
10 11 13
11 14 17
12 13 16

1 2 3
0 4 5
0 6 7
0 8 9
1 6 8
1 7 10
2 4 11
2 5 12
3 4 13
3 12 14
5 14 15
6 15 16
7 9 17
8 16 17
9 10 16
10 11 17
11 13 14
12 13 15

1 2 3
0 4 5
0 6 7
0 8 9
1 6 8
1 7 10
2 4 11
2 5 12
3 4 13
3 12 14
5 14 15
6 16 17
7 9 16
8 15 17
9 10 17
10 13 16
11 12 15
11 13 14

1 2 3
0 4 5
0 6 7
0 8 9
1 6 8
1 7 10
2 4 11
2 5 12
3 4 13
3 12 14
5 15 16
6 13 17
7 9 15
8 11 16
9 16 17
10 12 17
10 13 14
11 14 15

1 2 3
0 4 5
0 6 7
0 8 9
1 6 8
1 7 10
2 4 11
2 5 12
3 4 13
3 12 14
5 15 16
6 14 15
7 9 16
8 15 17
9 11 17
10 11 13
10 12 17
13 14 16

1 2 3
0 4 5
0 6 7
0 8 9
1 6 8
1 7 10
2 4 11
2 5 12
3 4 13
3 12 14
5 15 16
6 14 15
7 9 17
8 15 17
9 11 16
10 11 13
10 14 17
12 13 16

1 2 3
0 4 5
0 6 7
0 8 9
1 6 8
1 7 10
2 4 11
2 5 12
3 4 13
3 12 14
5 15 16
6 14 15
7 9 17
8 16 17
9 11 16
10 11 17
10 13 14
12 13 15

1 2 3
0 4 5
0 6 7
0 8 9
1 6 8
1 7 10
2 4 11
2 5 12
3 4 13
3 12 14
5 15 16
6 14 17
7 9 15
8 16 17
9 11 16
10 12 17
10 13 14
11 13 15

1 2 3
0 4 5
0 6 7
0 8 9
1 6 8
1 7 10
2 4 11
2 5 12
3 4 13
3 12 14
5 15 16
6 15 17
7 9 16
8 14 15
9 13 17
10 11 13
10 12 17
11 14 16

1 2 3
0 4 5
0 6 7
0 8 9
1 6 8
1 7 10
2 4 11
2 5 12
3 4 13
3 12 14
5 15 16
6 15 17
7 9 16
8 14 17
9 13 15
10 11 14
10 12 17
11 13 16

1 2 3
0 4 5
0 6 7
0 8 9
1 6 8
1 7 10
2 4 11
2 5 12
3 4 13
3 12 14
5 15 16
6 15 17
7 9 17
8 14 15
9 13 16
10 11 13
10 14 17
11 12 16

1 2 3
0 4 5
0 6 7
0 8 9
1 6 8
1 7 10
2 4 11
2 5 12
3 4 13
3 12 14
5 15 16
6 15 17
7 9 17
8 14 16
9 13 15
10 11 14
10 13 17
11 12 16

1 2 3
0 4 5
0 6 7
0 8 9
1 6 8
1 7 10
2 4 11
2 5 12
3 4 13
3 14 15
5 14 16
6 12 15
7 11 16
8 14 17
9 10 13
9 11 17
10 12 17
13 15 16

1 2 3
0 4 5
0 6 7
0 8 9
1 6 8
1 7 10
2 4 11
2 5 12
3 4 13
3 14 15
5 14 16
6 12 15
7 11 17
8 14 17
9 10 13
9 11 16
10 15 17
12 13 16

1 2 3
0 4 5
0 6 7
0 8 9
1 6 8
1 7 10
2 4 11
2 5 12
3 4 13
3 14 15
5 14 16
6 12 15
7 11 17
8 16 17
9 10 17
9 11 16
10 13 15
12 13 14

1 2 3
0 4 5
0 6 7
0 8 9
1 6 8
1 7 10
2 4 11
2 5 12
3 4 13
3 14 15
5 14 16
6 12 16
7 11 15
8 14 17
9 10 13
9 12 17
10 11 17
13 15 16

1 2 3
0 4 5
0 6 7
0 8 9
1 6 8
1 7 10
2 4 11
2 5 12
3 4 13
3 14 15
5 14 16
6 12 16
7 11 17
8 14 17
9 10 13
9 16 17
10 11 15
12 13 15

1 2 3
0 4 5
0 6 7
0 8 9
1 6 8
1 7 10
2 4 11
2 5 12
3 4 13
3 14 15
5 14 16
6 12 17
7 11 15
8 14 17
9 10 13
9 12 16
10 15 17
11 13 16

1 2 3
0 4 5
0 6 7
0 8 9
1 6 8
1 7 10
2 4 11
2 5 12
3 4 13
3 14 15
5 14 16
6 12 17
7 11 15
8 16 17
9 10 17
9 12 16
10 13 15
11 13 14

1 2 3
0 4 5
0 6 7
0 8 9
1 6 8
1 7 10
2 4 11
2 5 12
3 4 13
3 14 15
5 14 16
6 12 17
7 11 16
8 14 17
9 10 13
9 16 17
10 12 15
11 13 15

1 2 3
0 4 5
0 6 7
0 8 9
1 6 8
1 7 10
2 4 11
2 5 12
3 4 13
3 14 15
5 14 16
6 14 17
7 13 15
8 12 16
9 10 11
9 12 17
10 13 17
11 15 16

1 2 3
0 4 5
0 6 7
0 8 9
1 6 8
1 7 10
2 4 11
2 5 12
3 4 13
3 14 15
5 14 16
6 14 17
7 13 15
8 12 17
9 10 11
9 12 16
10 15 17
11 13 16

1 2 3
0 4 5
0 6 7
0 8 9
1 6 8
1 7 10
2 4 11
2 5 12
3 4 13
3 14 15
5 14 16
6 14 17
7 13 16
8 12 15
9 10 11
9 13 17
10 12 17
11 15 16

1 2 3
0 4 5
0 6 7
0 8 9
1 6 8
1 7 10
2 4 11
2 5 12
3 4 13
3 14 15
5 14 16
6 14 17
7 13 16
8 12 17
9 10 11
9 16 17
10 12 15
11 13 15

1 2 3
0 4 5
0 6 7
0 8 9
1 6 8
1 7 10
2 4 11
2 5 12
3 4 13
3 14 15
5 14 16
6 14 17
7 15 16
8 15 17
9 10 11
9 12 13
10 12 17
11 13 16

1 2 3
0 4 5
0 6 7
0 8 9
1 6 8
1 7 10
2 4 11
2 5 12
3 4 13
3 14 15
5 14 16
6 14 17
7 15 16
8 16 17
9 10 11
9 12 17
10 12 13
11 13 15

1 2 3
0 4 5
0 6 7
0 8 9
1 6 8
1 7 10
2 4 11
2 5 12
3 4 13
3 14 15
5 14 16
6 14 17
7 15 17
8 16 17
9 10 11
9 12 16
10 13 15
11 12 13

1 2 3
0 4 5
0 6 7
0 8 9
1 6 8
1 7 10
2 4 11
2 5 12
3 4 13
3 14 15
5 14 16
6 14 17
7 16 17
8 15 17
9 10 11
9 13 16
10 12 15
11 12 13

1 2 3
0 4 5
0 6 7
0 8 9
1 6 8
1 7 10
2 4 11
2 5 12
3 4 13
3 14 15
5 14 16
6 15 16
7 14 17
8 15 17
9 10 12
9 11 13
10 11 17
12 13 16

1 2 3
0 4 5
0 6 7
0 8 9
1 6 8
1 7 10
2 4 11
2 5 12
3 4 13
3 14 15
5 14 16
6 15 16
7 14 17
8 16 17
9 10 12
9 11 17
10 11 13
12 13 15

1 2 3
0 4 5
0 6 7
0 8 9
1 6 8
1 7 10
2 4 11
2 5 12
3 4 13
3 14 15
5 14 16
6 15 16
7 15 17
8 16 17
9 10 17
9 11 12
10 11 13
12 13 14

1 2 3
0 4 5
0 6 7
0 8 9
1 6 8
1 7 10
2 4 11
2 5 12
3 4 13
3 14 15
5 14 16
6 15 16
7 16 17
8 15 17
9 10 17
9 11 13
10 11 12
12 13 14

1 2 3
0 4 5
0 6 7
0 8 9
1 6 8
1 7 10
2 4 11
2 5 12
3 4 13
3 14 15
5 14 16
6 15 17
7 13 16
8 12 17
9 10 17
9 11 16
10 12 15
11 13 14

1 2 3
0 4 5
0 6 7
0 8 9
1 6 8
1 7 10
2 4 11
2 5 12
3 4 13
3 14 15
5 14 16
6 15 17
7 13 17
8 12 16
9 10 17
9 11 16
10 13 15
11 12 14

1 2 3
0 4 5
0 6 7
0 8 9
1 6 8
1 7 10
2 4 11
2 5 12
3 4 13
3 14 15
5 14 16
6 15 17
7 14 17
8 15 16
9 10 12
9 11 13
10 13 17
11 12 16

1 2 3
0 4 5
0 6 7
0 8 9
1 6 8
1 7 10
2 4 11
2 5 12
3 4 13
3 14 15
5 14 16
6 15 17
7 14 17
8 16 17
9 10 12
9 11 16
10 13 15
11 12 13

1 2 3
0 4 5
0 6 7
0 8 9
1 6 8
1 7 10
2 4 11
2 5 12
3 4 13
3 14 15
5 14 16
6 15 17
7 15 16
8 14 17
9 10 13
9 11 12
10 12 17
11 13 16

1 2 3
0 4 5
0 6 7
0 8 9
1 6 8
1 7 10
2 4 11
2 5 12
3 4 13
3 14 15
5 14 16
6 15 17
7 15 16
8 16 17
9 10 17
9 11 12
10 12 13
11 13 14

1 2 3
0 4 5
0 6 7
0 8 9
1 6 8
1 7 10
2 4 11
2 5 12
3 4 13
3 14 15
5 14 16
6 15 17
7 16 17
8 14 17
9 10 13
9 11 16
10 12 15
11 12 13

1 2 3
0 4 5
0 6 7
0 8 9
1 6 8
1 7 10
2 4 11
2 5 12
3 4 13
3 14 15
5 14 16
6 15 17
7 16 17
8 15 16
9 10 17
9 11 13
10 12 13
11 12 14

1 2 3
0 4 5
0 6 7
0 8 9
1 6 8
1 7 10
2 4 11
2 5 12
3 4 13
3 14 15
5 16 17
6 14 16
7 13 15
8 12 17
9 11 17
9 12 16
10 11 15
10 13 14

1 2 3
0 4 5
0 6 7
0 8 9
1 6 8
1 7 10
2 4 11
2 5 12
3 4 13
3 14 15
5 16 17
6 14 16
7 13 17
8 12 15
9 11 17
9 13 16
10 11 15
10 12 14

1 2 3
0 4 5
0 6 7
0 8 9
1 6 8
1 7 10
2 4 11
2 5 12
3 4 13
3 14 15
5 16 17
6 14 16
7 14 17
8 15 16
9 11 12
9 13 17
10 11 13
10 12 15

1 2 3
0 4 5
0 6 7
0 8 9
1 6 8
1 7 10
2 4 11
2 5 12
3 4 13
3 14 15
5 16 17
6 14 16
7 14 17
8 15 17
9 11 12
9 13 16
10 11 15
10 12 13

1 2 3
0 4 5
0 6 7
0 8 9
1 6 8
1 7 10
2 4 11
2 5 12
3 4 13
3 14 15
5 16 17
6 14 16
7 15 16
8 14 17
9 11 13
9 12 17
10 11 12
10 13 15

1 2 3
0 4 5
0 6 7
0 8 9
1 6 8
1 7 10
2 4 11
2 5 12
3 4 13
3 14 15
5 16 17
6 14 16
7 15 16
8 15 17
9 11 17
9 12 13
10 11 12
10 13 14

1 2 3
0 4 5
0 6 7
0 8 9
1 6 8
1 10 11
2 4 9
2 10 12
3 4 13
3 6 14
5 7 15
5 12 16
7 11 17
8 15 16
9 16 17
10 13 17
11 13 14
12 14 15

1 2 3
0 4 5
0 6 7
0 8 9
1 6 8
1 10 11
2 4 9
2 10 12
3 4 13
3 6 14
5 7 15
5 12 16
7 11 17
8 15 17
9 16 17
10 13 16
11 14 15
12 13 14

1 2 3
0 4 5
0 6 7
0 8 9
1 6 8
1 10 11
2 4 9
2 12 13
3 4 12
3 6 14
5 13 15
5 16 17
7 8 16
7 10 17
9 15 17
10 14 16
11 12 15
11 13 14

1 2 3
0 4 5
0 6 7
0 8 9
1 6 8
1 10 11
2 4 9
2 12 13
3 4 14
3 6 15
5 12 15
5 13 16
7 10 17
7 11 14
8 13 17
9 10 16
11 15 17
12 14 16

1 2 3
0 4 5
0 6 7
0 8 9
1 6 8
1 10 11
2 4 12
2 9 10
3 4 13
3 7 14
5 7 15
5 12 16
6 11 17
8 15 16
9 16 17
10 13 17
11 13 14
12 14 15

1 2 3
0 4 5
0 6 7
0 8 9
1 6 8
1 10 11
2 4 12
2 9 10
3 4 13
3 7 14
5 7 15
5 12 16
6 11 17
8 15 17
9 16 17
10 13 16
11 14 15
12 13 14

1 2 3
0 4 5
0 6 7
0 8 9
1 6 8
1 10 11
2 4 12
2 9 10
3 4 13
3 7 14
5 7 15
5 12 16
6 11 17
8 16 17
9 15 16
10 14 17
11 13 14
12 13 15

1 2 3
0 4 5
0 6 7
0 8 9
1 6 8
1 10 11
2 4 12
2 9 10
3 4 13
3 7 14
5 7 15
5 12 16
6 11 17
8 16 17
9 15 17
10 14 16
11 13 15
12 13 14

1 2 3
0 4 5
0 6 7
0 8 9
1 6 8
1 10 11
2 4 12
2 9 10
3 4 13
3 7 14
5 7 15
5 13 16
6 15 16
8 11 17
9 16 17
10 12 17
11 12 14
13 14 15

1 2 3
0 4 5
0 6 7
0 8 9
1 6 8
1 10 11
2 4 12
2 9 10
3 4 13
3 7 14
5 7 15
5 13 16
6 15 17
8 11 17
9 16 17
10 12 16
11 14 15
12 13 14

1 2 3
0 4 5
0 6 7
0 8 9
1 6 8
1 10 11
2 4 12
2 9 10
3 4 13
3 7 14
5 7 15
5 13 16
6 16 17
8 11 17
9 15 16
10 14 17
11 12 14
12 13 15

1 2 3
0 4 5
0 6 7
0 8 9
1 6 8
1 10 11
2 4 12
2 9 10
3 4 13
3 7 14
5 7 15
5 13 16
6 16 17
8 11 17
9 15 17
10 14 16
11 12 15
12 13 14

1 2 3
0 4 5
0 6 7
0 8 9
1 6 8
1 10 11
2 4 12
2 9 10
3 4 13
3 7 14
5 7 15
5 14 16
6 15 16
8 16 17
9 11 17
10 12 17
11 12 13
13 14 15

1 2 3
0 4 5
0 6 7
0 8 9
1 6 8
1 10 11
2 4 12
2 9 10
3 4 13
3 7 14
5 7 15
5 14 16
6 15 17
8 16 17
9 11 17
10 12 16
11 13 15
12 13 14

1 2 3
0 4 5
0 6 7
0 8 9
1 6 8
1 10 11
2 4 12
2 9 10
3 4 13
3 7 14
5 7 15
5 14 16
6 16 17
8 15 16
9 11 17
10 13 17
11 12 13
12 14 15

1 2 3
0 4 5
0 6 7
0 8 9
1 6 8
1 10 11
2 4 12
2 9 10
3 4 13
3 7 14
5 7 15
5 14 16
6 16 17
8 15 17
9 11 17
10 13 16
11 12 15
12 13 14

1 2 3
0 4 5
0 6 7
0 8 9
1 6 8
1 10 11
2 4 12
2 9 13
3 4 14
3 7 15
5 12 13
5 14 15
6 10 16
7 10 17
8 11 16
9 11 17
12 14 17
13 15 16

1 2 3
0 4 5
0 6 7
0 8 9
1 6 8
1 10 11
2 4 12
2 9 13
3 4 14
3 7 15
5 12 13
5 14 15
6 10 16
7 10 17
8 11 17
9 11 16
12 15 17
13 14 16

1 2 3
0 4 5
0 6 7
0 8 9
1 6 8
1 10 11
2 4 12
2 9 13
3 4 14
3 7 15
5 12 13
5 14 16
6 10 16
7 10 17
8 11 15
9 14 17
11 12 17
13 15 16

1 2 3
0 4 5
0 6 7
0 8 9
1 6 8
1 10 11
2 4 12
2 9 13
3 4 14
3 7 15
5 12 13
5 14 16
6 10 16
7 10 17
8 11 17
9 16 17
11 12 15
13 14 15

1 2 3
0 4 5
0 6 7
0 8 9
1 6 8
1 10 11
2 4 12
2 9 13
3 4 14
3 7 15
5 12 13
5 14 16
6 10 17
7 10 16
8 11 17
9 16 17
11 13 15
12 14 15

1 2 3
0 4 5
0 6 7
0 8 9
1 6 8
1 10 11
2 4 12
2 9 13
3 4 14
3 7 15
5 12 13
5 15 16
6 10 16
7 10 17
8 15 17
9 11 14
11 12 17
13 14 16

1 2 3
0 4 5
0 6 7
0 8 9
1 6 8
1 10 11
2 4 12
2 9 13
3 4 14
3 7 15
5 12 13
5 15 16
6 10 16
7 10 17
8 16 17
9 11 17
11 12 14
13 14 15

1 2 3
0 4 5
0 6 7
0 8 9
1 6 8
1 10 11
2 4 12
2 9 13
3 4 14
3 7 15
5 12 13
5 15 16
6 10 17
7 10 16
8 16 17
9 11 17
11 13 14
12 14 15

1 2 3
0 4 5
0 6 7
0 8 9
1 6 8
1 10 11
2 4 12
2 9 13
3 4 14
3 7 15
5 12 13
5 16 17
6 10 16
7 10 17
8 15 16
9 14 17
11 12 14
11 13 15

1 2 3
0 4 5
0 6 7
0 8 9
1 6 8
1 10 11
2 4 12
2 9 13
3 4 14
3 7 15
5 12 13
5 16 17
6 10 16
7 10 17
8 15 17
9 14 16
11 12 15
11 13 14

1 2 3
0 4 5
0 6 7
0 8 9
1 6 8
1 10 11
2 4 12
2 9 13
3 4 14
3 7 15
5 12 14
5 13 15
6 10 16
7 11 16
8 10 17
9 11 17
12 13 17
14 15 16

1 2 3
0 4 5
0 6 7
0 8 9
1 6 8
1 10 11
2 4 12
2 9 13
3 4 14
3 7 15
5 12 14
5 13 15
6 10 16
7 11 17
8 10 17
9 11 16
12 15 17
13 14 16

1 2 3
0 4 5
0 6 7
0 8 9
1 6 8
1 10 11
2 4 12
2 9 13
3 4 14
3 7 15
5 12 14
5 13 16
6 10 16
7 11 17
8 10 17
9 16 17
11 12 15
13 14 15

1 2 3
0 4 5
0 6 7
0 8 9
1 6 8
1 10 11
2 4 12
2 9 13
3 4 14
3 7 15
5 12 14
5 13 16
6 10 17
7 11 17
8 10 16
9 16 17
11 14 15
12 13 15

1 2 3
0 4 5
0 6 7
0 8 9
1 6 8
1 10 11
2 4 12
2 9 13
3 4 14
3 7 15
5 12 15
5 13 14
6 10 16
7 11 16
8 11 17
9 10 17
12 13 17
14 15 16

1 2 3
0 4 5
0 6 7
0 8 9
1 6 8
1 10 11
2 4 12
2 9 13
3 4 14
3 7 15
5 12 15
5 13 14
6 10 16
7 11 17
8 11 16
9 10 17
12 14 17
13 15 16

1 2 3
0 4 5
0 6 7
0 8 9
1 6 8
1 10 11
2 4 12
2 9 13
3 4 14
3 7 15
5 12 15
5 13 16
6 10 16
7 11 14
8 13 17
9 10 17
11 12 17
14 15 16

1 2 3
0 4 5
0 6 7
0 8 9
1 6 8
1 10 11
2 4 12
2 9 13
3 4 14
3 7 15
5 12 15
5 13 16
6 10 16
7 11 17
8 16 17
9 10 17
11 12 14
13 14 15

1 2 3
0 4 5
0 6 7
0 8 9
1 6 8
1 10 11
2 4 12
2 9 13
3 4 14
3 7 15
5 12 15
5 13 16
6 10 17
7 11 17
8 16 17
9 10 16
11 14 15
12 13 14

1 2 3
0 4 5
0 6 7
0 8 9
1 6 8
1 10 11
2 4 12
2 9 13
3 4 14
3 7 15
5 12 15
5 14 16
6 10 16
7 16 17
8 11 17
9 10 17
11 12 13
13 14 15

1 2 3
0 4 5
0 6 7
0 8 9
1 6 8
1 10 11
2 4 12
2 9 13
3 4 14
3 7 15
5 12 15
5 14 16
6 10 17
7 16 17
8 11 17
9 10 16
11 13 15
12 13 14

1 2 3
0 4 5
0 6 7
0 8 9
1 6 8
1 10 11
2 4 12
2 9 13
3 4 14
3 7 15
5 12 15
5 16 17
6 10 16
7 14 16
8 13 17
9 10 17
11 12 13
11 14 15

1 2 3
0 4 5
0 6 7
0 8 9
1 6 8
1 10 11
2 4 12
2 9 13
3 4 14
3 7 15
5 12 16
5 13 15
6 10 17
7 11 16
8 16 17
9 11 17
10 13 14
12 14 15

1 2 3
0 4 5
0 6 7
0 8 9
1 6 8
1 10 11
2 4 12
2 9 13
3 4 14
3 7 15
5 12 16
5 13 15
6 10 17
7 11 17
8 16 17
9 11 16
10 14 15
12 13 14

1 2 3
0 4 5
0 6 7
0 8 9
1 6 8
1 10 11
2 4 12
2 9 13
3 4 14
3 7 15
5 12 16
5 13 17
6 10 15
7 11 16
8 16 17
9 12 17
10 13 14
11 14 15

1 2 3
0 4 5
0 6 7
0 8 9
1 6 8
1 10 11
2 4 12
2 9 13
3 4 14
3 7 15
5 12 16
5 13 17
6 10 17
7 11 14
8 13 16
9 16 17
10 14 15
11 12 15

1 2 3
0 4 5
0 6 7
0 8 9
1 6 8
1 10 11
2 4 12
2 9 13
3 4 14
3 7 15
5 12 16
5 13 17
6 10 17
7 11 16
8 15 16
9 14 17
10 13 14
11 12 15

1 2 3
0 4 5
0 6 7
0 8 9
1 6 8
1 10 11
2 4 12
2 9 13
3 4 14
3 7 15
5 12 16
5 13 17
6 10 17
7 11 16
8 15 17
9 14 16
10 13 15
11 12 14

1 2 3
0 4 5
0 6 7
0 8 9
1 6 8
1 10 11
2 4 12
2 9 13
3 4 14
3 7 15
5 12 16
5 14 17
6 10 13
7 12 17
8 11 16
9 16 17
10 14 15
11 13 15

1 2 3
0 4 5
0 6 7
0 8 9
1 6 8
1 10 11
2 4 12
2 9 13
3 4 14
3 7 15
5 12 16
5 14 17
6 10 15
7 16 17
8 11 16
9 12 17
10 13 14
11 13 15

1 2 3
0 4 5
0 6 7
0 8 9
1 6 8
1 10 11
2 4 12
2 9 13
3 4 14
3 7 15
5 12 16
5 15 17
6 10 13
7 12 17
8 16 17
9 11 16
10 14 15
11 13 14

1 2 3
0 4 5
0 6 7
0 8 9
1 6 8
1 10 11
2 4 12
2 9 13
3 4 14
3 7 15
5 12 16
5 15 17
6 10 17
7 14 16
8 13 17
9 11 16
10 13 15
11 12 14

1 2 3
0 4 5
0 6 7
0 8 9
1 6 8
1 10 11
2 4 12
2 9 13
3 4 14
3 7 15
5 12 16
5 15 17
6 10 17
7 14 17
8 13 16
9 11 16
10 14 15
11 12 13

1 2 3
0 4 5
0 6 7
0 8 9
1 6 8
1 10 11
2 4 12
2 9 13
3 4 14
3 7 15
5 12 16
5 15 17
6 10 17
7 16 17
8 15 16
9 11 14
10 13 14
11 12 13

1 2 3
0 4 5
0 6 7
0 8 9
1 6 8
1 10 11
2 4 12
2 9 13
3 4 14
3 7 15
5 13 15
5 16 17
6 14 16
7 10 16
8 12 17
9 10 17
11 12 13
11 14 15

1 2 3
0 4 5
0 6 7
0 8 9
1 6 8
1 10 11
2 4 12
2 9 13
3 4 14
3 7 15
5 13 15
5 16 17
6 14 16
7 10 17
8 12 17
9 10 16
11 12 15
11 13 14

1 2 3
0 4 5
0 6 7
0 8 9
1 6 8
1 10 11
2 4 12
2 9 13
3 4 14
3 7 15
5 13 16
5 15 17
6 13 17
7 10 12
8 16 17
9 11 16
10 14 15
11 12 14

1 2 3
0 4 5
0 6 7
0 8 9
1 6 8
1 10 11
2 4 12
2 9 13
3 4 14
3 7 15
5 13 16
5 15 17
6 14 16
7 10 17
8 12 17
9 11 16
10 12 15
11 13 14

1 2 3
0 4 5
0 6 7
0 8 9
1 6 8
1 10 11
2 4 12
2 9 13
3 4 14
3 7 15
5 13 16
5 15 17
6 14 17
7 10 17
8 12 16
9 11 16
10 14 15
11 12 13

1 2 3
0 4 5
0 6 7
0 8 9
1 6 8
1 10 11
2 4 12
2 9 13
3 4 14
3 7 15
5 13 16
5 15 17
6 15 16
7 10 17
8 16 17
9 11 12
10 12 14
11 13 14

1 2 3
0 4 5
0 6 7
0 8 9
1 6 8
1 10 11
2 4 12
2 10 13
3 4 13
3 11 14
5 7 15
5 9 16
6 14 16
7 8 17
9 12 15
10 14 17
11 12 17
13 15 16

1 2 3
0 4 5
0 6 7
0 8 9
1 6 8
1 10 11
2 4 12
2 10 13
3 4 13
3 11 14
5 7 15
5 9 16
6 15 16
7 8 17
9 15 17
10 12 14
11 12 17
13 14 16

1 2 3
0 4 5
0 6 7
0 8 9
1 6 8
1 10 11
2 4 12
2 10 13
3 4 13
3 14 15
5 7 14
5 12 15
6 11 16
7 8 17
9 10 16
9 11 17
12 14 17
13 15 16

1 2 3
0 4 5
0 6 7
0 8 9
1 6 8
1 10 11
2 4 12
2 10 13
3 4 13
3 14 15
5 7 14
5 15 16
6 15 17
7 8 16
9 10 17
9 11 12
11 13 17
12 14 16

1 2 3
0 4 5
0 6 7
0 8 9
1 6 8
1 10 11
2 4 12
2 10 13
3 4 13
3 14 15
5 7 16
5 12 14
6 11 15
7 8 17
9 11 17
9 12 16
10 15 17
13 14 16

1 2 3
0 4 5
0 6 7
0 8 9
1 6 8
1 10 11
2 4 12
2 10 13
3 4 13
3 14 15
5 7 16
5 14 17
6 14 16
7 8 17
9 11 12
9 16 17
10 12 15
11 13 15

1 2 3
0 4 5
0 6 7
0 8 9
1 6 8
1 10 11
2 4 12
2 10 13
3 4 14
3 10 15
5 7 9
5 12 16
6 11 17
7 14 16
8 13 17
9 16 17
11 13 15
12 14 15

1 2 3
0 4 5
0 6 7
0 8 9
1 6 8
1 10 11
2 4 12
2 10 13
3 4 14
3 10 15
5 7 9
5 12 16
6 11 17
7 14 17
8 13 16
9 16 17
11 14 15
12 13 15

1 2 3
0 4 5
0 6 7
0 8 9
1 6 8
1 10 11
2 4 12
2 10 13
3 4 14
3 10 15
5 7 9
5 12 16
6 11 17
7 15 16
8 16 17
9 13 17
11 13 14
12 14 15

1 2 3
0 4 5
0 6 7
0 8 9
1 6 8
1 10 11
2 4 12
2 10 13
3 4 14
3 10 15
5 7 9
5 12 16
6 11 17
7 15 17
8 16 17
9 13 16
11 14 15
12 13 14

1 2 3
0 4 5
0 6 7
0 8 9
1 6 8
1 10 11
2 4 12
2 10 13
3 4 14
3 10 15
5 7 9
5 12 16
6 11 17
7 16 17
8 15 16
9 14 17
11 13 14
12 13 15

1 2 3
0 4 5
0 6 7
0 8 9
1 6 8
1 10 11
2 4 12
2 10 13
3 4 14
3 10 15
5 7 9
5 12 16
6 11 17
7 16 17
8 15 17
9 14 16
11 13 15
12 13 14

1 2 3
0 4 5
0 6 7
0 8 9
1 6 8
1 10 11
2 4 12
2 10 13
3 4 14
3 10 15
5 7 9
5 13 16
6 15 16
7 11 17
8 16 17
9 12 17
11 12 14
13 14 15

1 2 3
0 4 5
0 6 7
0 8 9
1 6 8
1 10 11
2 4 12
2 10 13
3 4 14
3 10 15
5 7 9
5 13 16
6 15 17
7 11 17
8 16 17
9 12 16
11 14 15
12 13 14

1 2 3
0 4 5
0 6 7
0 8 9
1 6 8
1 10 11
2 4 12
2 10 13
3 4 14
3 10 15
5 7 9
5 13 16
6 16 17
7 11 17
8 15 16
9 14 17
11 12 14
12 13 15

1 2 3
0 4 5
0 6 7
0 8 9
1 6 8
1 10 11
2 4 12
2 10 13
3 4 14
3 10 15
5 7 9
5 13 16
6 16 17
7 11 17
8 15 17
9 14 16
11 12 15
12 13 14

1 2 3
0 4 5
0 6 7
0 8 9
1 6 8
1 10 11
2 4 12
2 10 13
3 4 14
3 10 15
5 7 9
5 16 17
6 13 16
7 12 17
8 15 16
9 14 17
11 12 14
11 13 15

1 2 3
0 4 5
0 6 7
0 8 9
1 6 8
1 10 11
2 4 12
2 10 13
3 4 14
3 10 15
5 7 9
5 16 17
6 13 16
7 12 17
8 15 17
9 14 16
11 12 15
11 13 14

1 2 3
0 4 5
0 6 7
0 8 9
1 6 8
1 10 11
2 4 12
2 10 13
3 4 14
3 10 15
5 7 9
5 16 17
6 15 16
7 14 16
8 13 17
9 12 17
11 12 13
11 14 15

1 2 3
0 4 5
0 6 7
0 8 9
1 6 8
1 10 11
2 4 12
2 10 13
3 4 14
3 10 15
5 7 9
5 16 17
6 15 16
7 14 17
8 13 16
9 12 17
11 12 14
11 13 15

1 2 3
0 4 5
0 6 7
0 8 9
1 6 8
1 10 11
2 4 12
2 10 13
3 4 14
3 11 13
5 7 15
5 9 16
6 15 16
7 9 17
8 15 17
10 12 14
11 12 17
13 14 16

1 2 3
0 4 5
0 6 7
0 8 9
1 6 8
1 10 11
2 4 12
2 10 13
3 4 14
3 11 13
5 7 15
5 9 16
6 15 16
7 9 17
8 16 17
10 12 17
11 12 14
13 14 15

1 2 3
0 4 5
0 6 7
0 8 9
1 6 8
1 10 11
2 4 12
2 10 13
3 4 14
3 11 13
5 7 15
5 9 16
6 15 17
7 9 17
8 16 17
10 12 16
11 14 15
12 13 14

1 2 3
0 4 5
0 6 7
0 8 9
1 6 8
1 10 11
2 4 12
2 10 13
3 4 14
3 11 13
5 7 15
5 9 16
6 16 17
7 9 17
8 15 17
10 14 16
11 12 15
12 13 14

1 2 3
0 4 5
0 6 7
0 8 9
1 6 8
1 10 11
2 4 12
2 10 13
3 4 14
3 11 15
5 7 12
5 9 16
6 10 17
7 14 15
8 13 16
9 13 17
11 14 17
12 15 16

1 2 3
0 4 5
0 6 7
0 8 9
1 6 8
1 10 11
2 4 12
2 10 13
3 4 14
3 11 15
5 7 12
5 9 16
6 10 17
7 15 16
8 16 17
9 13 17
11 13 14
12 14 15

1 2 3
0 4 5
0 6 7
0 8 9
1 6 8
1 10 11
2 4 12
2 10 13
3 4 14
3 11 15
5 7 14
5 9 16
6 13 16
7 12 15
8 10 17
9 13 17
11 12 17
14 15 16

1 2 3
0 4 5
0 6 7
0 8 9
1 6 8
1 10 11
2 4 12
2 10 13
3 4 14
3 11 15
5 7 14
5 9 16
6 15 16
7 15 17
8 10 17
9 12 13
11 12 17
13 14 16

1 2 3
0 4 5
0 6 7
0 8 9
1 6 8
1 10 11
2 4 12
2 10 13
3 4 14
3 11 15
5 7 14
5 9 16
6 15 16
7 16 17
8 10 17
9 12 17
11 12 13
13 14 15

1 2 3
0 4 5
0 6 7
0 8 9
1 6 8
1 10 11
2 4 12
2 10 13
3 4 14
3 11 15
5 7 14
5 9 16
6 16 17
7 15 16
8 10 17
9 13 17
11 12 13
12 14 15

1 2 3
0 4 5
0 6 7
0 8 9
1 6 8
1 10 11
2 4 12
2 10 13
3 4 14
3 11 15
5 7 15
5 9 16
6 13 16
7 12 14
8 13 17
9 10 17
11 12 17
14 15 16

1 2 3
0 4 5
0 6 7
0 8 9
1 6 8
1 10 11
2 4 12
2 10 13
3 4 14
3 11 15
5 7 15
5 9 16
6 13 16
7 12 17
8 16 17
9 10 17
11 12 14
13 14 15

1 2 3
0 4 5
0 6 7
0 8 9
1 6 8
1 10 11
2 4 12
2 10 13
3 4 14
3 11 15
5 7 15
5 9 16
6 13 17
7 12 14
8 13 16
9 10 17
11 14 17
12 15 16

1 2 3
0 4 5
0 6 7
0 8 9
1 6 8
1 10 11
2 4 12
2 10 13
3 4 14
3 11 15
5 7 15
5 9 16
6 13 17
7 12 16
8 16 17
9 10 17
11 13 14
12 14 15

1 2 3
0 4 5
0 6 7
0 8 9
1 6 8
1 10 11
2 4 12
2 10 13
3 4 14
3 11 15
5 7 15
5 9 16
6 16 17
7 14 16
8 13 17
9 10 17
11 12 13
12 14 15

1 2 3
0 4 5
0 6 7
0 8 9
1 6 8
1 10 11
2 4 12
2 10 13
3 4 14
3 11 15
5 7 15
5 9 16
6 16 17
7 14 17
8 13 16
9 10 17
11 12 14
12 13 15

1 2 3
0 4 5
0 6 7
0 8 9
1 6 8
1 10 11
2 4 12
2 10 13
3 4 14
3 11 15
5 7 16
5 9 17
6 13 15
7 12 17
8 16 17
9 12 16
10 14 15
11 13 14

1 2 3
0 4 5
0 6 7
0 8 9
1 6 8
1 10 11
2 4 12
2 10 13
3 4 14
3 11 15
5 7 16
5 9 17
6 13 16
7 12 15
8 15 17
9 13 14
10 12 17
11 14 16

1 2 3
0 4 5
0 6 7
0 8 9
1 6 8
1 10 11
2 4 12
2 10 13
3 4 14
3 11 15
5 7 16
5 9 17
6 13 16
7 12 17
8 15 17
9 14 16
10 12 15
11 13 14

1 2 3
0 4 5
0 6 7
0 8 9
1 6 8
1 10 11
2 4 12
2 10 13
3 4 14
3 11 15
5 7 16
5 9 17
6 13 17
7 12 15
8 15 16
9 13 14
10 14 17
11 12 16

1 2 3
0 4 5
0 6 7
0 8 9
1 6 8
1 10 11
2 4 12
2 10 13
3 4 14
3 11 15
5 7 16
5 9 17
6 13 17
7 12 15
8 16 17
9 13 16
10 14 15
11 12 14

1 2 3
0 4 5
0 6 7
0 8 9
1 6 8
1 10 11
2 4 12
2 10 13
3 4 14
3 11 15
5 7 16
5 9 17
6 15 16
7 14 15
8 13 17
9 12 13
10 12 17
11 14 16

1 2 3
0 4 5
0 6 7
0 8 9
1 6 8
1 10 11
2 4 12
2 10 13
3 4 14
3 11 15
5 7 16
5 9 17
6 15 16
7 15 17
8 16 17
9 12 13
10 12 14
11 13 14

1 2 3
0 4 5
0 6 7
0 8 9
1 6 8
1 10 11
2 4 12
2 10 13
3 4 14
3 11 15
5 7 16
5 9 17
6 15 17
7 14 15
8 13 16
9 12 13
10 14 17
11 12 16

1 2 3
0 4 5
0 6 7
0 8 9
1 6 8
1 10 11
2 4 12
2 10 13
3 4 14
3 11 15
5 7 16
5 9 17
6 15 17
7 14 17
8 13 16
9 12 16
10 14 15
11 12 13

1 2 3
0 4 5
0 6 7
0 8 9
1 6 8
1 10 11
2 4 12
2 10 13
3 4 14
3 12 13
5 7 15
5 14 16
6 9 17
7 9 16
8 11 15
10 14 17
11 13 17
12 15 16

1 2 3
0 4 5
0 6 7
0 8 9
1 6 8
1 10 11
2 4 12
2 10 13
3 4 14
3 12 15
5 7 14
5 15 16
6 9 16
7 15 17
8 10 17
9 11 13
11 12 17
13 14 16

1 2 3
0 4 5
0 6 7
0 8 9
1 6 8
1 10 11
2 4 12
2 10 13
3 4 14
3 12 15
5 7 14
5 15 16
6 9 16
7 16 17
8 10 17
9 11 17
11 12 13
13 14 15

1 2 3
0 4 5
0 6 7
0 8 9
1 6 8
1 10 11
2 4 12
2 10 13
3 4 14
3 12 15
5 7 15
5 13 14
6 9 16
7 11 16
8 11 17
9 10 17
12 13 17
14 15 16

1 2 3
0 4 5
0 6 7
0 8 9
1 6 8
1 10 11
2 4 12
2 10 13
3 4 14
3 12 15
5 7 15
5 13 16
6 9 16
7 11 14
8 13 17
9 10 17
11 12 17
14 15 16

1 2 3
0 4 5
0 6 7
0 8 9
1 6 8
1 10 11
2 4 12
2 10 13
3 4 14
3 12 15
5 7 15
5 14 16
6 9 16
7 14 17
8 11 13
9 10 17
11 12 17
13 15 16

1 2 3
0 4 5
0 6 7
0 8 9
1 6 8
1 10 11
2 4 12
2 10 13
3 4 14
3 12 15
5 7 15
5 14 16
6 9 16
7 16 17
8 11 17
9 10 17
11 12 13
13 14 15

1 2 3
0 4 5
0 6 7
0 8 9
1 6 8
1 10 11
2 4 12
2 10 13
3 4 14
3 12 15
5 7 15
5 14 16
6 9 17
7 14 17
8 11 13
9 10 16
11 15 17
12 13 16

1 2 3
0 4 5
0 6 7
0 8 9
1 6 8
1 10 11
2 4 12
2 10 13
3 4 14
3 12 15
5 7 15
5 16 17
6 9 16
7 14 16
8 13 17
9 10 17
11 12 13
11 14 15

1 2 3
0 4 5
0 6 7
0 8 9
1 6 8
1 10 11
2 4 12
2 10 13
3 4 14
3 12 15
5 7 16
5 13 14
6 9 16
7 11 15
8 11 17
9 13 17
10 12 17
14 15 16

1 2 3
0 4 5
0 6 7
0 8 9
1 6 8
1 10 11
2 4 12
2 10 13
3 4 14
3 12 15
5 7 16
5 13 14
6 9 17
7 11 17
8 11 15
9 14 16
10 15 17
12 13 16

1 2 3
0 4 5
0 6 7
0 8 9
1 6 8
1 10 11
2 4 12
2 10 13
3 4 14
3 12 15
5 7 16
5 13 15
6 9 16
7 11 14
8 13 17
9 11 17
10 12 17
14 15 16

1 2 3
0 4 5
0 6 7
0 8 9
1 6 8
1 10 11
2 4 12
2 10 13
3 4 14
3 12 15
5 7 16
5 13 15
6 9 17
7 11 14
8 13 17
9 11 16
10 15 17
12 14 16

1 2 3
0 4 5
0 6 7
0 8 9
1 6 8
1 10 11
2 4 12
2 10 13
3 4 14
3 12 15
5 7 16
5 13 15
6 9 17
7 11 17
8 16 17
9 11 16
10 14 15
12 13 14

1 2 3
0 4 5
0 6 7
0 8 9
1 6 8
1 10 11
2 4 12
2 10 13
3 4 14
3 12 15
5 7 16
5 13 17
6 9 17
7 11 14
8 13 15
9 14 16
10 15 17
11 12 16

1 2 3
0 4 5
0 6 7
0 8 9
1 6 8
1 10 11
2 4 12
2 10 13
3 4 14
3 12 15
5 7 16
5 13 17
6 9 17
7 11 15
8 16 17
9 13 16
10 14 15
11 12 14

1 2 3
0 4 5
0 6 7
0 8 9
1 6 8
1 10 11
2 4 12
2 10 13
3 4 14
3 12 15
5 7 16
5 14 15
6 9 16
7 14 17
8 11 13
9 11 17
10 12 17
13 15 16

1 2 3
0 4 5
0 6 7
0 8 9
1 6 8
1 10 11
2 4 12
2 10 13
3 4 14
3 12 15
5 7 16
5 14 15
6 9 16
7 15 17
8 11 17
9 11 13
10 12 17
13 14 16

1 2 3
0 4 5
0 6 7
0 8 9
1 6 8
1 10 11
2 4 12
2 10 13
3 4 14
3 12 15
5 7 16
5 14 15
6 9 17
7 14 17
8 11 13
9 11 16
10 15 17
12 13 16

1 2 3
0 4 5
0 6 7
0 8 9
1 6 8
1 10 11
2 4 12
2 10 13
3 4 14
3 12 15
5 7 16
5 15 17
6 9 16
7 14 15
8 13 17
9 11 13
10 12 17
11 14 16

1 2 3
0 4 5
0 6 7
0 8 9
1 6 8
1 10 11
2 4 12
2 10 13
3 4 14
3 12 15
5 7 16
5 15 17
6 9 17
7 14 15
8 13 16
9 11 13
10 14 17
11 12 16

1 2 3
0 4 5
0 6 7
0 8 9
1 6 8
1 10 11
2 4 12
2 10 13
3 4 14
3 12 15
5 7 16
5 15 17
6 9 17
7 14 17
8 13 16
9 11 16
10 14 15
11 12 13

1 2 3
0 4 5
0 6 7
0 8 9
1 6 8
1 10 11
2 4 12
2 10 13
3 4 14
3 13 15
5 7 14
5 15 16
6 15 17
7 9 17
8 10 16
9 11 12
11 14 17
12 13 16

1 2 3
0 4 5
0 6 7
0 8 9
1 6 8
1 10 11
2 4 12
2 10 13
3 4 14
3 13 15
5 7 14
5 15 16
6 16 17
7 9 16
8 10 17
9 11 17
11 12 13
12 14 15

1 2 3
0 4 5
0 6 7
0 8 9
1 6 8
1 10 11
2 4 12
2 10 13
3 4 14
3 13 15
5 7 14
5 16 17
6 15 16
7 9 16
8 10 17
9 12 17
11 12 13
11 14 15

1 2 3
0 4 5
0 6 7
0 8 9
1 6 8
1 10 11
2 4 12
2 10 13
3 4 14
3 13 15
5 7 15
5 12 16
6 11 17
7 9 16
8 16 17
9 10 17
11 13 14
12 14 15

1 2 3
0 4 5
0 6 7
0 8 9
1 6 8
1 10 11
2 4 12
2 10 13
3 4 14
3 13 15
5 7 15
5 12 16
6 11 17
7 9 17
8 16 17
9 10 16
11 14 15
12 13 14

1 2 3
0 4 5
0 6 7
0 8 9
1 6 8
1 10 11
2 4 12
2 10 13
3 4 14
3 13 15
5 7 15
5 14 16
6 16 17
7 9 16
8 11 17
9 10 17
11 12 13
12 14 15

1 2 3
0 4 5
0 6 7
0 8 9
1 6 8
1 10 11
2 4 12
2 10 13
3 4 14
3 13 15
5 7 15
5 14 16
6 16 17
7 9 17
8 11 17
9 10 16
11 12 15
12 13 14

1 2 3
0 4 5
0 6 7
0 8 9
1 6 8
1 10 11
2 4 12
2 10 13
3 4 14
3 13 15
5 7 16
5 12 15
6 11 16
7 9 14
8 13 17
9 11 17
10 12 17
14 15 16

1 2 3
0 4 5
0 6 7
0 8 9
1 6 8
1 10 11
2 4 12
2 10 13
3 4 14
3 13 15
5 7 16
5 12 15
6 11 16
7 9 17
8 15 17
9 11 14
10 12 17
13 14 16

1 2 3
0 4 5
0 6 7
0 8 9
1 6 8
1 10 11
2 4 12
2 10 13
3 4 14
3 13 15
5 7 16
5 12 15
6 11 17
7 9 17
8 15 16
9 11 14
10 14 17
12 13 16

1 2 3
0 4 5
0 6 7
0 8 9
1 6 8
1 10 11
2 4 12
2 10 13
3 4 14
3 13 15
5 7 16
5 12 15
6 11 17
7 9 17
8 16 17
9 11 16
10 14 15
12 13 14

1 2 3
0 4 5
0 6 7
0 8 9
1 6 8
1 10 11
2 4 12
2 10 13
3 4 14
3 13 15
5 7 16
5 12 17
6 11 15
7 9 17
8 16 17
9 12 16
10 14 15
11 13 14

1 2 3
0 4 5
0 6 7
0 8 9
1 6 8
1 10 11
2 4 12
2 10 13
3 4 14
3 13 15
5 7 16
5 12 17
6 11 16
7 9 17
8 15 17
9 14 16
10 12 15
11 13 14

1 2 3
0 4 5
0 6 7
0 8 9
1 6 8
1 10 11
2 4 12
2 10 13
3 4 14
3 13 15
5 7 16
5 13 17
6 15 16
7 9 11
8 15 17
9 12 14
10 12 17
11 14 16

1 2 3
0 4 5
0 6 7
0 8 9
1 6 8
1 10 11
2 4 12
2 10 13
3 4 14
3 13 15
5 7 16
5 13 17
6 15 16
7 9 11
8 16 17
9 12 17
10 12 14
11 14 15

1 2 3
0 4 5
0 6 7
0 8 9
1 6 8
1 10 11
2 4 12
2 10 13
3 4 14
3 13 15
5 7 16
5 13 17
6 15 17
7 9 11
8 15 16
9 12 14
10 14 17
11 12 16

1 2 3
0 4 5
0 6 7
0 8 9
1 6 8
1 10 11
2 4 12
2 10 13
3 4 14
3 13 15
5 7 16
5 13 17
6 15 17
7 9 11
8 16 17
9 12 16
10 14 15
11 12 14

1 2 3
0 4 5
0 6 7
0 8 9
1 6 8
1 10 11
2 4 12
2 10 13
3 4 14
3 13 15
5 7 16
5 13 17
6 16 17
7 9 11
8 15 16
9 14 17
10 12 14
11 12 15

1 2 3
0 4 5
0 6 7
0 8 9
1 6 8
1 10 11
2 4 12
2 10 13
3 4 14
3 13 15
5 7 16
5 13 17
6 16 17
7 9 11
8 15 17
9 14 16
10 12 15
11 12 14

1 2 3
0 4 5
0 6 7
0 8 9
1 6 8
1 10 11
2 4 12
2 10 13
3 4 14
3 13 15
5 7 16
5 14 15
6 15 16
7 9 17
8 11 17
9 11 12
10 12 17
13 14 16

1 2 3
0 4 5
0 6 7
0 8 9
1 6 8
1 10 11
2 4 12
2 10 13
3 4 14
3 13 15
5 7 16
5 14 15
6 15 17
7 9 17
8 11 16
9 11 12
10 14 17
12 13 16

1 2 3
0 4 5
0 6 7
0 8 9
1 6 8
1 10 11
2 4 12
2 10 13
3 4 14
3 13 15
5 7 16
5 14 15
6 16 17
7 9 17
8 11 17
9 11 16
10 12 15
12 13 14

1 2 3
0 4 5
0 6 7
0 8 9
1 6 8
1 10 11
2 4 12
2 10 13
3 4 14
3 13 15
5 7 16
5 14 17
6 13 17
7 9 12
8 11 16
9 16 17
10 14 15
11 12 15

1 2 3
0 4 5
0 6 7
0 8 9
1 6 8
1 10 11
2 4 12
2 10 13
3 4 14
3 13 15
5 7 16
5 14 17
6 15 17
7 9 17
8 11 16
9 12 16
10 14 15
11 12 13

1 2 3
0 4 5
0 6 7
0 8 9
1 6 8
1 10 11
2 4 12
2 10 13
3 4 14
3 13 15
5 7 16
5 14 17
6 16 17
7 9 17
8 11 15
9 14 16
10 12 15
11 12 13

1 2 3
0 4 5
0 6 7
0 8 9
1 6 8
1 10 11
2 4 12
2 10 13
3 4 14
3 13 15
5 7 16
5 15 17
6 13 17
7 9 12
8 15 16
9 11 14
10 14 17
11 12 16

1 2 3
0 4 5
0 6 7
0 8 9
1 6 8
1 10 11
2 4 12
2 10 13
3 4 14
3 13 15
5 7 16
5 15 17
6 15 16
7 9 17
8 16 17
9 11 12
10 12 14
11 13 14

1 2 3
0 4 5
0 6 7
0 8 9
1 6 8
1 10 11
2 4 12
2 10 13
3 4 14
3 13 15
5 7 16
5 15 17
6 16 17
7 9 17
8 15 16
9 11 14
10 12 14
11 12 13

1 2 3
0 4 5
0 6 7
0 8 9
1 6 8
1 10 11
2 4 12
2 10 13
3 4 14
3 15 16
5 7 14
5 13 17
6 15 17
7 11 15
8 10 16
9 12 13
9 14 17
11 12 16

1 2 3
0 4 5
0 6 7
0 8 9
1 6 8
1 10 11
2 4 12
2 10 13
3 4 14
3 15 16
5 7 14
5 15 17
6 13 17
7 12 15
8 10 16
9 11 13
9 14 17
11 12 16

1 2 3
0 4 5
0 6 7
0 8 9
1 6 8
1 10 11
2 4 12
2 10 13
3 4 14
3 15 16
5 7 15
5 12 13
6 11 16
7 11 17
8 15 17
9 10 14
9 12 17
13 14 16

1 2 3
0 4 5
0 6 7
0 8 9
1 6 8
1 10 11
2 4 12
2 10 13
3 4 14
3 15 16
5 7 15
5 12 16
6 11 13
7 12 17
8 15 17
9 10 14
9 11 17
13 14 16

1 2 3
0 4 5
0 6 7
0 8 9
1 6 8
1 10 11
2 4 12
2 10 13
3 4 14
3 15 16
5 7 15
5 12 16
6 11 13
7 12 17
8 16 17
9 10 17
9 11 14
13 14 15

1 2 3
0 4 5
0 6 7
0 8 9
1 6 8
1 10 11
2 4 12
2 10 13
3 4 14
3 15 16
5 7 15
5 12 16
6 11 17
7 14 17
8 13 16
9 10 17
9 11 14
12 13 15

1 2 3
0 4 5
0 6 7
0 8 9
1 6 8
1 10 11
2 4 12
2 10 13
3 4 14
3 15 16
5 7 15
5 12 17
6 11 13
7 12 16
8 16 17
9 10 17
9 13 14
11 14 15

1 2 3
0 4 5
0 6 7
0 8 9
1 6 8
1 10 11
2 4 12
2 10 13
3 4 14
3 15 16
5 7 15
5 12 17
6 11 16
7 14 16
8 13 17
9 10 17
9 12 13
11 14 15

1 2 3
0 4 5
0 6 7
0 8 9
1 6 8
1 10 11
2 4 12
2 10 13
3 4 14
3 15 16
5 7 15
5 13 14
6 15 17
7 11 17
8 11 16
9 10 12
9 14 17
12 13 16

1 2 3
0 4 5
0 6 7
0 8 9
1 6 8
1 10 11
2 4 12
2 10 13
3 4 14
3 15 16
5 7 15
5 13 16
6 13 17
7 11 12
8 15 17
9 10 14
9 11 17
12 14 16

1 2 3
0 4 5
0 6 7
0 8 9
1 6 8
1 10 11
2 4 12
2 10 13
3 4 14
3 15 16
5 7 15
5 13 16
6 15 17
7 11 14
8 13 17
9 10 12
9 11 17
12 14 16

1 2 3
0 4 5
0 6 7
0 8 9
1 6 8
1 10 11
2 4 12
2 10 13
3 4 14
3 15 16
5 7 15
5 13 16
6 15 17
7 11 17
8 16 17
9 10 12
9 11 14
12 13 14

1 2 3
0 4 5
0 6 7
0 8 9
1 6 8
1 10 11
2 4 12
2 10 13
3 4 14
3 15 16
5 7 15
5 13 16
6 16 17
7 11 14
8 13 17
9 10 17
9 11 12
12 14 15

1 2 3
0 4 5
0 6 7
0 8 9
1 6 8
1 10 11
2 4 12
2 10 13
3 4 14
3 15 16
5 7 15
5 13 16
6 16 17
7 11 17
8 15 17
9 10 14
9 11 12
12 13 14

1 2 3
0 4 5
0 6 7
0 8 9
1 6 8
1 10 11
2 4 12
2 10 13
3 4 14
3 15 16
5 7 15
5 13 17
6 13 16
7 11 12
8 15 17
9 10 14
9 12 17
11 14 16

1 2 3
0 4 5
0 6 7
0 8 9
1 6 8
1 10 11
2 4 12
2 10 13
3 4 14
3 15 16
5 7 15
5 13 17
6 15 17
7 11 14
8 13 16
9 10 12
9 14 17
11 12 16

1 2 3
0 4 5
0 6 7
0 8 9
1 6 8
1 10 11
2 4 12
2 10 13
3 4 14
3 15 16
5 7 15
5 13 17
6 15 17
7 11 16
8 16 17
9 10 12
9 13 14
11 12 14

1 2 3
0 4 5
0 6 7
0 8 9
1 6 8
1 10 11
2 4 12
2 10 13
3 4 14
3 15 16
5 7 15
5 13 17
6 16 17
7 11 14
8 13 16
9 10 17
9 12 14
11 12 15

1 2 3
0 4 5
0 6 7
0 8 9
1 6 8
1 10 11
2 4 12
2 10 13
3 4 14
3 15 16
5 7 15
5 13 17
6 16 17
7 11 16
8 15 17
9 10 14
9 12 13
11 12 14

1 2 3
0 4 5
0 6 7
0 8 9
1 6 8
1 10 11
2 4 12
2 10 13
3 4 14
3 15 16
5 7 15
5 14 16
6 13 16
7 12 17
8 11 17
9 10 17
9 11 12
13 14 15

1 2 3
0 4 5
0 6 7
0 8 9
1 6 8
1 10 11
2 4 12
2 10 13
3 4 14
3 15 16
5 7 15
5 14 16
6 15 17
7 14 17
8 11 13
9 10 12
9 11 17
12 13 16

1 2 3
0 4 5
0 6 7
0 8 9
1 6 8
1 10 11
2 4 12
2 10 13
3 4 14
3 15 16
5 7 15
5 14 16
6 16 17
7 14 17
8 11 13
9 10 17
9 11 12
12 13 15

1 2 3
0 4 5
0 6 7
0 8 9
1 6 8
1 10 11
2 4 12
2 10 13
3 4 14
3 15 16
5 7 15
5 14 17
6 13 17
7 12 16
8 11 16
9 10 17
9 13 14
11 12 15

1 2 3
0 4 5
0 6 7
0 8 9
1 6 8
1 10 11
2 4 12
2 10 13
3 4 14
3 15 16
5 7 15
5 14 17
6 16 17
7 14 16
8 11 13
9 10 17
9 12 13
11 12 15

1 2 3
0 4 5
0 6 7
0 8 9
1 6 8
1 10 11
2 4 12
2 10 13
3 4 14
3 15 16
5 7 15
5 16 17
6 13 16
7 12 17
8 15 17
9 10 14
9 11 12
11 13 14

1 2 3
0 4 5
0 6 7
0 8 9
1 6 8
1 10 11
2 4 12
2 10 13
3 4 14
3 15 16
5 7 15
5 16 17
6 13 17
7 12 16
8 15 17
9 10 14
9 11 13
11 12 14

1 2 3
0 4 5
0 6 7
0 8 9
1 6 8
1 10 11
2 4 12
2 10 13
3 4 14
3 15 16
5 7 15
5 16 17
6 15 17
7 14 16
8 13 17
9 10 12
9 11 13
11 12 14

1 2 3
0 4 5
0 6 7
0 8 9
1 6 8
1 10 11
2 4 12
2 10 13
3 4 14
3 15 16
5 7 15
5 16 17
6 15 17
7 14 17
8 13 16
9 10 12
9 11 14
11 12 13

1 2 3
0 4 5
0 6 7
0 8 9
1 6 8
1 10 11
2 4 12
2 10 13
3 4 14
3 15 16
5 7 17
5 12 13
6 11 15
7 11 16
8 16 17
9 12 17
9 13 14
10 14 15

1 2 3
0 4 5
0 6 7
0 8 9
1 6 8
1 10 11
2 4 12
2 10 13
3 4 14
3 15 16
5 7 17
5 12 15
6 11 13
7 12 16
8 16 17
9 11 17
9 13 14
10 14 15

1 2 3
0 4 5
0 6 7
0 8 9
1 6 8
1 10 11
2 4 12
2 10 13
3 4 14
3 15 16
5 7 17
5 12 15
6 11 16
7 14 15
8 13 17
9 11 13
9 12 17
10 14 16

1 2 3
0 4 5
0 6 7
0 8 9
1 6 8
1 10 11
2 4 12
2 10 13
3 4 14
3 15 16
5 7 17
5 12 15
6 11 16
7 14 16
8 13 17
9 11 17
9 12 13
10 14 15

1 2 3
0 4 5
0 6 7
0 8 9
1 6 8
1 10 11
2 4 12
2 10 13
3 4 14
3 15 16
5 7 17
5 13 14
6 15 17
7 11 15
8 11 16
9 12 13
9 14 17
10 12 16

1 2 3
0 4 5
0 6 7
0 8 9
1 6 8
1 10 11
2 4 12
2 10 13
3 4 14
3 15 16
5 7 17
5 13 15
6 13 16
7 11 12
8 16 17
9 11 17
9 12 14
10 14 15

1 2 3
0 4 5
0 6 7
0 8 9
1 6 8
1 10 11
2 4 12
2 10 13
3 4 14
3 15 16
5 7 17
5 13 15
6 15 17
7 11 14
8 13 16
9 11 12
9 14 17
10 12 16

1 2 3
0 4 5
0 6 7
0 8 9
1 6 8
1 10 11
2 4 12
2 10 13
3 4 14
3 15 16
5 7 17
5 13 15
6 15 17
7 11 16
8 16 17
9 11 12
9 13 14
10 12 14

1 2 3
0 4 5
0 6 7
0 8 9
1 6 8
1 10 11
2 4 12
2 10 13
3 4 14
3 15 16
5 7 17
5 13 15
6 16 17
7 11 16
8 15 17
9 11 14
9 12 13
10 12 14

1 2 3
0 4 5
0 6 7
0 8 9
1 6 8
1 10 11
2 4 12
2 10 13
3 4 14
3 15 16
5 7 17
5 14 15
6 16 17
7 14 16
8 11 13
9 11 17
9 12 13
10 12 15

1 2 3
0 4 5
0 6 7
0 8 9
1 6 8
1 10 11
2 4 12
2 13 14
3 4 13
3 12 15
5 14 15
5 16 17
6 9 16
7 8 17
7 10 16
9 10 17
11 12 14
11 13 15

1 2 3
0 4 5
0 6 7
0 8 9
1 6 8
1 10 11
2 4 12
2 13 14
3 4 13
3 12 15
5 14 16
5 15 17
6 9 16
7 8 17
7 10 15
9 11 14
10 12 17
11 13 16

1 2 3
0 4 5
0 6 7
0 8 9
1 6 8
1 10 11
2 4 12
2 13 14
3 4 15
3 13 16
5 13 17
5 14 16
6 14 17
7 9 10
7 11 12
8 16 17
9 11 15
10 12 15

1 2 3
0 4 5
0 6 7
0 8 9
1 6 8
1 10 11
2 4 12
2 13 14
3 4 15
3 13 16
5 13 17
5 14 16
6 16 17
7 9 10
7 11 15
8 14 17
9 11 12
10 12 15

1 2 3
0 4 5
0 6 7
0 8 9
1 6 8
1 10 11
2 4 12
2 13 14
3 4 15
3 16 17
5 13 16
5 14 17
6 13 17
7 10 12
7 11 15
8 14 16
9 10 15
9 11 12

1 2 3
0 4 5
0 6 7
0 8 9
1 6 10
1 8 11
2 4 12
2 9 13
3 5 14
3 7 15
4 11 13
5 10 16
6 14 15
7 10 17
8 12 16
9 12 17
11 14 17
13 15 16

1 2 3
0 4 5
0 6 7
0 8 9
1 6 10
1 8 11
2 4 12
2 9 13
3 5 14
3 7 15
4 11 13
5 10 16
6 14 15
7 10 17
8 12 17
9 12 16
11 15 17
13 14 16

1 2 3
0 4 5
0 6 7
0 8 9
1 6 10
1 8 11
2 4 12
2 9 13
3 5 14
3 7 15
4 11 13
5 10 16
6 14 17
7 10 17
8 12 15
9 14 16
11 15 17
12 13 16

1 2 3
0 4 5
0 6 7
0 8 9
1 6 10
1 8 11
2 4 12
2 9 13
3 5 14
3 7 15
4 11 13
5 10 16
6 15 16
7 10 17
8 15 17
9 12 14
11 12 17
13 14 16

1 2 3
0 4 5
0 6 7
0 8 9
1 6 10
1 8 11
2 4 12
2 9 13
3 5 14
3 7 15
4 11 13
5 10 16
6 15 17
7 10 17
8 15 16
9 12 14
11 14 17
12 13 16

1 2 3
0 4 5
0 6 7
0 8 9
1 6 10
1 8 11
2 4 12
2 9 13
3 5 14
3 7 15
4 11 13
5 10 16
6 15 17
7 10 17
8 16 17
9 12 16
11 14 15
12 13 14

1 2 3
0 4 5
0 6 7
0 8 9
1 6 10
1 8 11
2 4 12
2 9 13
3 5 14
3 7 15
4 11 15
5 10 16
6 13 14
7 12 16
8 12 17
9 10 17
11 13 17
14 15 16

1 2 3
0 4 5
0 6 7
0 8 9
1 6 10
1 8 11
2 4 12
2 9 13
3 5 14
3 7 15
4 11 15
5 10 16
6 13 14
7 12 17
8 12 16
9 10 17
11 14 17
13 15 16

1 2 3
0 4 5
0 6 7
0 8 9
1 6 10
1 8 11
2 4 12
2 9 13
3 5 14
3 7 15
4 11 15
5 10 16
6 13 17
7 12 16
8 16 17
9 10 17
11 13 14
12 14 15

1 2 3
0 4 5
0 6 7
0 8 9
1 6 10
1 8 11
2 4 12
2 9 13
3 5 14
3 7 15
4 11 15
5 10 16
6 14 16
7 14 17
8 12 13
9 10 17
11 12 17
13 15 16

1 2 3
0 4 5
0 6 7
0 8 9
1 6 10
1 8 11
2 4 12
2 9 13
3 5 14
3 7 15
4 11 15
5 10 16
6 14 16
7 16 17
8 12 17
9 10 17
11 12 13
13 14 15

1 2 3
0 4 5
0 6 7
0 8 9
1 6 10
1 8 11
2 4 12
2 9 13
3 5 14
3 7 15
4 11 15
5 10 16
6 16 17
7 14 16
8 13 17
9 10 17
11 12 13
12 14 15

1 2 3
0 4 5
0 6 7
0 8 9
1 6 10
1 8 11
2 4 12
2 9 13
3 5 14
3 7 15
4 11 16
5 10 17
6 13 17
7 12 16
8 15 16
9 14 17
10 13 14
11 12 15

1 2 3
0 4 5
0 6 7
0 8 9
1 6 10
1 8 11
2 4 12
2 9 13
3 5 14
3 7 15
4 11 16
5 10 17
6 14 15
7 16 17
8 12 16
9 12 17
10 13 14
11 13 15

1 2 3
0 4 5
0 6 7
0 8 9
1 6 10
1 8 11
2 4 12
2 9 13
3 5 14
3 7 15
4 11 16
5 10 17
6 15 17
7 14 17
8 13 16
9 12 16
10 14 15
11 12 13

1 2 3
0 4 5
0 6 7
0 8 9
1 6 10
1 8 11
2 4 12
2 9 13
3 5 14
3 7 15
4 13 14
5 12 15
6 11 16
7 10 16
8 10 17
9 11 17
12 13 17
14 15 16

1 2 3
0 4 5
0 6 7
0 8 9
1 6 10
1 8 11
2 4 12
2 9 13
3 5 14
3 7 15
4 13 14
5 12 15
6 11 16
7 10 17
8 10 16
9 11 17
12 14 17
13 15 16

1 2 3
0 4 5
0 6 7
0 8 9
1 6 10
1 8 11
2 4 12
2 9 13
3 5 14
3 7 15
4 13 14
5 12 16
6 11 15
7 10 16
8 10 17
9 12 17
11 13 17
14 15 16

1 2 3
0 4 5
0 6 7
0 8 9
1 6 10
1 8 11
2 4 12
2 9 13
3 5 14
3 7 15
4 13 14
5 12 16
6 11 17
7 10 16
8 10 17
9 16 17
11 13 15
12 14 15

1 2 3
0 4 5
0 6 7
0 8 9
1 6 10
1 8 11
2 4 12
2 9 13
3 5 14
3 7 15
4 13 14
5 12 16
6 11 17
7 10 17
8 10 16
9 16 17
11 14 15
12 13 15

1 2 3
0 4 5
0 6 7
0 8 9
1 6 10
1 8 11
2 4 12
2 9 13
3 5 14
3 7 15
4 13 14
5 15 16
6 15 17
7 10 16
8 10 17
9 11 12
11 13 17
12 14 16

1 2 3
0 4 5
0 6 7
0 8 9
1 6 10
1 8 11
2 4 12
2 9 13
3 5 14
3 7 15
4 13 14
5 15 16
6 15 17
7 10 17
8 10 16
9 11 12
11 14 17
12 13 16

1 2 3
0 4 5
0 6 7
0 8 9
1 6 10
1 8 11
2 4 12
2 9 13
3 5 14
3 7 15
4 13 14
5 15 16
6 16 17
7 10 16
8 10 17
9 11 17
11 12 13
12 14 15

1 2 3
0 4 5
0 6 7
0 8 9
1 6 10
1 8 11
2 4 12
2 9 13
3 5 14
3 7 15
4 13 14
5 15 16
6 16 17
7 10 17
8 10 16
9 11 17
11 12 14
12 13 15

1 2 3
0 4 5
0 6 7
0 8 9
1 6 10
1 8 11
2 4 12
2 9 13
3 5 14
3 7 15
4 13 14
5 16 17
6 15 16
7 10 16
8 10 17
9 12 17
11 12 13
11 14 15

1 2 3
0 4 5
0 6 7
0 8 9
1 6 10
1 8 11
2 4 12
2 9 13
3 5 14
3 7 15
4 13 14
5 16 17
6 15 16
7 10 17
8 10 16
9 12 17
11 12 14
11 13 15

1 2 3
0 4 5
0 6 7
0 8 9
1 6 10
1 8 11
2 4 12
2 9 13
3 5 14
3 7 15
4 13 16
5 13 17
6 14 15
7 10 11
8 12 16
9 12 17
10 14 17
11 15 16

1 2 3
0 4 5
0 6 7
0 8 9
1 6 10
1 8 11
2 4 12
2 9 13
3 5 14
3 7 15
4 13 16
5 13 17
6 14 16
7 10 11
8 12 17
9 16 17
10 12 15
11 14 15

1 2 3
0 4 5
0 6 7
0 8 9
1 6 10
1 8 11
2 4 12
2 9 13
3 5 14
3 7 15
4 13 16
5 13 17
6 14 17
7 10 11
8 12 16
9 16 17
10 14 15
11 12 15

1 2 3
0 4 5
0 6 7
0 8 9
1 6 10
1 8 11
2 4 12
2 9 13
3 5 14
3 7 15
4 13 16
5 13 17
6 15 16
7 10 11
8 16 17
9 12 17
10 12 14
11 14 15

1 2 3
0 4 5
0 6 7
0 8 9
1 6 10
1 8 11
2 4 12
2 9 13
3 5 14
3 7 15
4 13 16
5 13 17
6 15 17
7 10 11
8 16 17
9 12 16
10 14 15
11 12 14

1 2 3
0 4 5
0 6 7
0 8 9
1 6 10
1 8 11
2 4 12
2 9 13
3 5 14
3 7 15
4 13 16
5 15 16
6 14 16
7 10 17
8 12 17
9 11 17
10 11 12
13 14 15

1 2 3
0 4 5
0 6 7
0 8 9
1 6 10
1 8 11
2 4 12
2 9 13
3 5 14
3 7 15
4 13 16
5 15 17
6 14 16
7 10 17
8 12 17
9 11 16
10 12 15
11 13 14

1 2 3
0 4 5
0 6 7
0 8 9
1 6 10
1 8 11
2 4 12
2 9 13
3 5 14
3 7 15
4 13 16
5 15 17
6 14 17
7 10 17
8 12 16
9 11 16
10 14 15
11 12 13

1 2 3
0 4 5
0 6 7
0 8 9
1 6 10
1 8 11
2 4 12
2 9 13
3 5 14
3 7 15
4 15 16
5 13 16
6 14 16
7 11 17
8 12 17
9 10 17
10 11 12
13 14 15

1 2 3
0 4 5
0 6 7
0 8 9
1 6 10
1 8 11
2 4 12
2 9 13
3 5 14
3 7 15
4 15 16
5 13 17
6 14 17
7 11 16
8 12 16
9 10 17
10 13 14
11 12 15

1 2 3
0 4 5
0 6 7
0 8 9
1 6 10
1 8 11
2 4 12
2 11 13
3 5 14
3 10 13
4 9 15
5 7 16
6 14 15
7 9 17
8 12 17
10 12 16
11 15 17
13 14 16

1 2 3
0 4 5
0 6 7
0 8 9
1 6 10
1 8 11
2 4 12
2 11 13
3 5 14
3 10 13
4 9 15
5 7 16
6 14 16
7 9 17
8 12 17
10 16 17
11 12 15
13 14 15

1 2 3
0 4 5
0 6 7
0 8 9
1 6 10
1 8 11
2 4 12
2 11 13
3 5 14
3 10 13
4 9 15
5 7 16
6 15 16
7 9 17
8 15 17
10 12 14
11 12 17
13 14 16

1 2 3
0 4 5
0 6 7
0 8 9
1 6 10
1 8 11
2 4 12
2 11 13
3 5 14
3 10 13
4 9 15
5 7 16
6 15 17
7 9 17
8 16 17
10 12 16
11 14 15
12 13 14

1 2 3
0 4 5
0 6 7
0 8 9
1 6 10
1 8 11
2 4 12
2 11 13
3 5 14
3 10 13
4 9 15
5 7 16
6 16 17
7 9 17
8 15 17
10 14 16
11 12 15
12 13 14

1 2 3
0 4 5
0 6 7
0 8 9
1 6 10
1 8 11
2 4 12
2 11 13
3 5 14
3 10 15
4 9 13
5 7 16
6 14 15
7 10 17
8 12 17
9 12 16
11 15 17
13 14 16

1 2 3
0 4 5
0 6 7
0 8 9
1 6 10
1 8 11
2 4 12
2 11 13
3 5 14
3 10 15
4 9 13
5 7 16
6 14 17
7 10 17
8 12 15
9 14 16
11 15 17
12 13 16

1 2 3
0 4 5
0 6 7
0 8 9
1 6 10
1 8 11
2 4 12
2 11 13
3 5 14
3 10 15
4 9 13
5 7 16
6 15 16
7 10 17
8 15 17
9 12 14
11 12 17
13 14 16

1 2 3
0 4 5
0 6 7
0 8 9
1 6 10
1 8 11
2 4 12
2 11 13
3 5 14
3 10 15
4 9 13
5 7 16
6 15 17
7 10 17
8 16 17
9 12 16
11 14 15
12 13 14

1 2 3
0 4 5
0 6 7
0 8 9
1 6 10
1 8 11
2 4 12
2 11 13
3 5 14
3 10 15
4 9 16
5 7 17
6 13 14
7 12 15
8 12 16
9 13 17
10 14 17
11 15 16

1 2 3
0 4 5
0 6 7
0 8 9
1 6 10
1 8 11
2 4 12
2 11 13
3 5 14
3 10 15
4 9 16
5 7 17
6 13 14
7 12 16
8 12 15
9 14 17
10 13 17
11 15 16

1 2 3
0 4 5
0 6 7
0 8 9
1 6 10
1 8 11
2 4 12
2 11 13
3 5 14
3 10 15
4 9 16
5 7 17
6 13 15
7 12 14
8 13 16
9 12 17
10 14 17
11 15 16

1 2 3
0 4 5
0 6 7
0 8 9
1 6 10
1 8 11
2 4 12
2 11 13
3 5 14
3 10 15
4 9 16
5 7 17
6 13 15
7 12 16
8 16 17
9 12 17
10 13 14
11 14 15

1 2 3
0 4 5
0 6 7
0 8 9
1 6 10
1 8 11
2 4 12
2 11 13
3 5 14
3 10 15
4 9 16
5 7 17
6 14 15
7 14 16
8 12 13
9 12 17
10 13 17
11 15 16

1 2 3
0 4 5
0 6 7
0 8 9
1 6 10
1 8 11
2 4 12
2 11 13
3 5 14
3 10 15
4 9 16
5 7 17
6 15 17
7 14 15
8 13 16
9 12 13
10 14 17
11 12 16

1 2 3
0 4 5
0 6 7
0 8 9
1 6 10
1 8 11
2 4 12
2 11 13
3 5 14
3 12 13
4 14 15
5 7 15
6 9 16
7 9 17
8 10 17
10 11 16
12 15 17
13 14 16

1 2 3
0 4 5
0 6 7
0 8 9
1 6 10
1 8 11
2 4 12
2 11 13
3 5 14
3 12 13
4 14 15
5 7 16
6 9 17
7 9 15
8 10 17
10 13 16
11 15 17
12 14 16

1 2 3
0 4 5
0 6 7
0 8 9
1 6 10
1 8 11
2 4 12
2 11 13
3 5 14
3 12 13
4 15 16
5 7 15
6 9 16
7 9 17
8 16 17
10 11 17
10 12 14
13 14 15

1 2 3
0 4 5
0 6 7
0 8 9
1 6 10
1 8 11
2 4 12
2 11 13
3 5 14
3 12 13
4 15 16
5 7 15
6 9 17
7 9 16
8 15 17
10 11 14
10 13 17
12 14 16

1 2 3
0 4 5
0 6 7
0 8 9
1 6 10
1 8 11
2 4 12
2 11 13
3 5 14
3 12 13
4 15 16
5 7 15
6 9 17
7 9 16
8 16 17
10 11 17
10 13 14
12 14 15

1 2 3
0 4 5
0 6 7
0 8 9
1 6 10
1 8 11
2 4 12
2 11 13
3 5 14
3 12 13
4 15 16
5 7 17
6 9 15
7 9 16
8 16 17
10 12 17
10 13 14
11 14 15

1 2 3
0 4 5
0 6 7
0 8 9
1 6 10
1 8 11
2 4 12
2 11 13
3 5 14
3 12 15
4 13 14
5 7 16
6 9 17
7 10 15
8 10 17
9 13 16
11 15 17
12 14 16

1 2 3
0 4 5
0 6 7
0 8 9
1 6 10
1 8 11
2 4 12
2 11 13
3 5 14
3 12 15
4 13 15
5 7 16
6 9 16
7 10 17
8 15 17
9 10 14
11 12 17
13 14 16

1 2 3
0 4 5
0 6 7
0 8 9
1 6 10
1 8 11
2 4 12
2 11 13
3 5 14
3 12 15
4 13 15
5 7 16
6 9 17
7 10 14
8 13 17
9 10 16
11 15 17
12 14 16

1 2 3
0 4 5
0 6 7
0 8 9
1 6 10
1 8 11
2 4 12
2 11 13
3 5 14
3 12 15
4 13 15
5 7 16
6 9 17
7 10 17
8 16 17
9 10 16
11 14 15
12 13 14

1 2 3
0 4 5
0 6 7
0 8 9
1 6 10
1 8 11
2 4 12
2 11 13
3 5 14
3 12 15
4 13 16
5 7 15
6 9 16
7 10 17
8 16 17
9 11 17
10 12 14
13 14 15

1 2 3
0 4 5
0 6 7
0 8 9
1 6 10
1 8 11
2 4 12
2 11 13
3 5 14
3 12 15
4 13 16
5 7 15
6 9 17
7 10 14
8 13 17
9 11 16
10 15 17
12 14 16

1 2 3
0 4 5
0 6 7
0 8 9
1 6 10
1 8 11
2 4 12
2 11 13
3 5 14
3 12 15
4 13 16
5 7 15
6 9 17
7 10 17
8 16 17
9 11 16
10 14 15
12 13 14

1 2 3
0 4 5
0 6 7
0 8 9
1 6 10
1 8 11
2 4 12
2 11 13
3 5 14
3 12 15
4 13 16
5 7 17
6 9 16
7 10 14
8 13 15
9 14 17
10 12 17
11 15 16

1 2 3
0 4 5
0 6 7
0 8 9
1 6 10
1 8 11
2 4 12
2 11 13
3 5 14
3 12 15
4 13 16
5 7 17
6 9 17
7 10 15
8 15 16
9 13 14
10 14 17
11 12 16

1 2 3
0 4 5
0 6 7
0 8 9
1 6 10
1 8 11
2 4 12
2 11 13
3 5 14
3 12 15
4 14 16
5 7 17
6 9 13
7 12 16
8 10 15
9 14 17
10 13 17
11 15 16

1 2 3
0 4 5
0 6 7
0 8 9
1 6 10
1 8 11
2 4 12
2 11 13
3 5 14
3 12 15
4 14 16
5 7 17
6 9 13
7 12 16
8 10 17
9 16 17
10 13 15
11 14 15

1 2 3
0 4 5
0 6 7
0 8 9
1 6 10
1 8 11
2 4 12
2 11 13
3 5 14
3 12 15
4 14 16
5 7 17
6 9 16
7 14 15
8 10 13
9 13 17
10 12 17
11 15 16

1 2 3
0 4 5
0 6 7
0 8 9
1 6 10
1 8 11
2 4 12
2 11 13
3 5 14
3 12 15
4 14 16
5 7 17
6 9 17
7 14 15
8 10 13
9 13 16
10 15 17
11 12 16

1 2 3
0 4 5
0 6 7
0 8 9
1 6 10
1 8 11
2 4 12
2 11 13
3 5 14
3 12 15
4 15 16
5 7 16
6 9 13
7 12 17
8 15 17
9 10 14
10 11 17
13 14 16

1 2 3
0 4 5
0 6 7
0 8 9
1 6 10
1 8 11
2 4 12
2 11 13
3 5 14
3 12 15
4 15 16
5 7 16
6 9 17
7 14 15
8 13 17
9 10 13
10 11 17
12 14 16

1 2 3
0 4 5
0 6 7
0 8 9
1 6 10
1 8 11
2 4 12
2 11 13
3 5 14
3 12 15
4 15 16
5 7 16
6 9 17
7 14 17
8 13 15
9 10 14
10 11 17
12 13 16

1 2 3
0 4 5
0 6 7
0 8 9
1 6 10
1 8 11
2 4 12
2 11 13
3 5 14
3 12 15
4 15 16
5 7 16
6 9 17
7 15 17
8 16 17
9 10 13
10 11 14
12 13 14

1 2 3
0 4 5
0 6 7
0 8 9
1 6 10
1 8 11
2 4 12
2 11 13
3 5 14
3 12 15
4 15 16
5 7 17
6 9 17
7 14 15
8 13 16
9 10 13
10 14 17
11 12 16

1 2 3
0 4 5
0 6 7
0 8 9
1 6 10
1 8 11
2 4 12
2 11 13
3 5 14
3 12 15
4 15 16
5 7 17
6 9 17
7 14 16
8 13 15
9 10 14
10 13 17
11 12 16

1 2 3
0 4 5
0 6 7
0 8 9
1 6 10
1 8 11
2 4 12
2 11 13
3 5 14
3 12 15
4 16 17
5 7 15
6 9 16
7 14 16
8 13 17
9 11 17
10 12 13
10 14 15

1 2 3
0 4 5
0 6 7
0 8 9
1 6 10
1 8 11
2 4 12
2 11 13
3 5 14
3 12 15
4 16 17
5 7 15
6 9 16
7 14 17
8 13 16
9 11 17
10 12 14
10 13 15

1 2 3
0 4 5
0 6 7
0 8 9
1 6 10
1 8 11
2 4 12
2 11 13
3 5 14
3 12 15
4 16 17
5 7 16
6 9 17
7 14 15
8 13 17
9 13 16
10 11 15
10 12 14

1 2 3
0 4 5
0 6 7
0 8 9
1 6 10
1 8 11
2 4 12
2 11 13
3 5 14
3 12 15
4 16 17
5 7 16
6 9 17
7 14 17
8 13 15
9 14 16
10 11 15
10 12 13

1 2 3
0 4 5
0 6 7
0 8 9
1 6 10
1 8 11
2 4 12
2 11 13
3 5 14
3 13 15
4 13 16
5 7 17
6 14 15
7 9 10
8 12 16
9 12 17
10 14 17
11 15 16

1 2 3
0 4 5
0 6 7
0 8 9
1 6 10
1 8 11
2 4 12
2 11 13
3 5 14
3 13 15
4 13 16
5 7 17
6 15 16
7 9 10
8 16 17
9 12 17
10 12 14
11 14 15

1 2 3
0 4 5
0 6 7
0 8 9
1 6 10
1 8 11
2 4 12
2 11 13
3 5 14
3 13 15
4 15 16
5 7 16
6 14 15
7 9 17
8 12 17
9 10 12
10 11 17
13 14 16

1 2 3
0 4 5
0 6 7
0 8 9
1 6 10
1 8 11
2 4 12
2 11 13
3 5 14
3 13 15
4 15 16
5 7 17
6 14 15
7 9 16
8 12 17
9 10 12
10 13 17
11 14 16

1 2 3
0 4 5
0 6 7
0 8 9
1 6 10
1 8 11
2 4 12
2 11 13
3 5 14
3 13 15
4 15 16
5 7 17
6 14 17
7 9 16
8 12 15
9 10 14
10 13 17
11 12 16

1 2 3
0 4 5
0 6 7
0 8 9
1 6 10
1 8 11
2 4 12
2 11 13
3 5 14
3 13 15
4 15 16
5 7 17
6 14 17
7 9 16
8 12 16
9 10 17
10 13 14
11 12 15

1 2 3
0 4 5
0 6 7
0 8 9
1 6 10
1 8 11
2 4 12
2 11 13
3 5 14
3 13 15
4 15 16
5 7 17
6 15 17
7 9 16
8 16 17
9 10 12
10 13 14
11 12 14

1 2 3
0 4 5
0 6 7
0 8 9
1 6 10
1 8 11
2 4 12
2 11 13
3 5 14
3 13 15
4 16 17
5 7 16
6 14 15
7 9 17
8 12 17
9 12 16
10 11 15
10 13 14

1 2 3
0 4 5
0 6 7
0 8 9
1 6 10
1 8 11
2 4 12
2 11 13
3 5 14
3 13 15
4 16 17
5 7 16
6 14 17
7 9 17
8 12 15
9 14 16
10 11 15
10 12 13

1 2 3
0 4 5
0 6 7
0 8 9
1 6 10
1 8 11
2 4 12
2 11 13
3 5 14
3 15 16
4 13 15
5 7 16
6 14 15
7 10 17
8 12 17
9 10 12
9 11 17
13 14 16

1 2 3
0 4 5
0 6 7
0 8 9
1 6 10
1 8 11
2 4 12
2 11 13
3 5 14
3 15 16
4 13 15
5 7 16
6 15 17
7 10 14
8 13 17
9 10 12
9 11 17
12 14 16

1 2 3
0 4 5
0 6 7
0 8 9
1 6 10
1 8 11
2 4 12
2 11 13
3 5 14
3 15 16
4 13 15
5 7 17
6 14 15
7 10 16
8 12 17
9 10 12
9 13 17
11 14 16

1 2 3
0 4 5
0 6 7
0 8 9
1 6 10
1 8 11
2 4 12
2 11 13
3 5 14
3 15 16
4 13 15
5 7 17
6 14 16
7 10 16
8 12 17
9 10 17
9 12 13
11 14 15

1 2 3
0 4 5
0 6 7
0 8 9
1 6 10
1 8 11
2 4 12
2 11 13
3 5 14
3 15 16
4 13 15
5 7 17
6 14 17
7 10 16
8 12 16
9 10 17
9 13 14
11 12 15

1 2 3
0 4 5
0 6 7
0 8 9
1 6 10
1 8 11
2 4 12
2 11 13
3 5 14
3 15 16
4 13 17
5 7 15
6 14 16
7 10 16
8 12 17
9 11 17
9 12 13
10 14 15

1 2 3
0 4 5
0 6 7
0 8 9
1 6 10
1 8 11
2 4 12
2 13 14
3 5 12
3 13 15
4 13 16
5 14 15
6 8 17
7 9 10
7 11 16
9 11 17
10 14 17
12 15 16

1 2 3
0 4 5
0 6 7
0 8 9
1 6 10
1 8 11
2 4 12
2 13 14
3 5 12
3 13 15
4 13 16
5 14 15
6 8 17
7 9 10
7 11 17
9 11 16
10 15 17
12 14 16

1 2 3
0 4 5
0 6 7
0 8 9
1 6 10
1 8 11
2 4 12
2 13 14
3 5 12
3 13 15
4 13 16
5 14 16
6 8 17
7 9 10
7 11 17
9 16 17
10 11 15
12 14 15

1 2 3
0 4 5
0 6 7
0 8 9
1 6 10
1 8 11
2 4 12
2 13 14
3 5 12
3 13 15
4 13 16
5 15 16
6 8 17
7 9 10
7 15 17
9 11 14
10 11 17
12 14 16

1 2 3
0 4 5
0 6 7
0 8 9
1 6 10
1 8 11
2 4 12
2 13 14
3 5 12
3 13 15
4 13 16
5 15 16
6 8 17
7 9 10
7 16 17
9 11 17
10 11 14
12 14 15

1 2 3
0 4 5
0 6 7
0 8 9
1 6 10
1 8 11
2 4 12
2 13 14
3 5 12
3 13 15
4 14 16
5 15 16
6 8 17
7 9 16
7 10 17
9 11 17
10 11 13
12 14 15

1 2 3
0 4 5
0 6 7
0 8 9
1 6 10
1 8 11
2 4 12
2 13 14
3 5 12
3 13 15
4 14 16
5 15 16
6 8 17
7 9 17
7 10 15
9 11 14
10 11 17
12 13 16

1 2 3
0 4 5
0 6 7
0 8 9
1 6 10
1 8 11
2 4 12
2 13 14
3 5 12
3 13 15
4 15 16
5 14 16
6 8 17
7 9 16
7 11 17
9 10 17
10 11 13
12 14 15

1 2 3
0 4 5
0 6 7
0 8 9
1 6 10
1 8 11
2 4 12
2 13 14
3 5 12
3 13 15
4 15 16
5 14 16
6 8 17
7 9 17
7 11 15
9 10 14
10 11 17
12 13 16

1 2 3
0 4 5
0 6 7
0 8 9
1 6 10
1 8 11
2 4 12
2 13 14
3 5 12
3 15 16
4 13 15
5 14 16
6 8 17
7 10 17
7 11 15
9 10 14
9 11 17
12 13 16

1 2 3
0 4 5
0 6 7
0 8 9
1 6 10
1 8 11
2 4 12
2 13 14
3 5 13
3 12 14
4 15 16
5 15 17
6 9 17
7 8 16
7 9 15
10 11 14
10 13 17
11 12 16

1 2 3
0 4 5
0 6 7
0 8 9
1 6 10
1 8 11
2 4 12
2 13 14
3 5 13
3 12 15
4 14 15
5 14 16
6 9 16
7 8 17
7 10 11
9 10 17
11 12 17
13 15 16

1 2 3
0 4 5
0 6 7
0 8 9
1 6 10
1 8 11
2 4 12
2 13 14
3 5 13
3 12 15
4 14 15
5 14 16
6 9 17
7 8 17
7 10 11
9 10 16
11 15 17
12 13 16

1 2 3
0 4 5
0 6 7
0 8 9
1 6 10
1 8 11
2 4 12
2 13 14
3 5 13
3 12 15
4 14 15
5 15 16
6 9 17
7 8 17
7 10 16
9 10 11
11 14 17
12 13 16

1 2 3
0 4 5
0 6 7
0 8 9
1 6 10
1 8 11
2 4 12
2 13 14
3 5 13
3 12 15
4 14 15
5 16 17
6 9 16
7 8 17
7 10 16
9 10 17
11 12 14
11 13 15

1 2 3
0 4 5
0 6 7
0 8 9
1 6 10
1 8 11
2 4 12
2 13 14
3 5 13
3 12 15
4 14 16
5 15 16
6 9 17
7 8 17
7 10 15
9 11 14
10 11 17
12 13 16

1 2 3
0 4 5
0 6 7
0 8 9
1 6 10
1 8 11
2 4 12
2 13 14
3 5 13
3 12 15
4 14 16
5 15 17
6 9 17
7 8 16
7 10 15
9 11 14
10 13 17
11 12 16

1 2 3
0 4 5
0 6 7
0 8 9
1 6 10
1 8 11
2 4 12
2 13 14
3 5 13
3 12 15
4 14 16
5 15 17
6 9 17
7 8 16
7 10 17
9 11 16
10 13 15
11 12 14

1 2 3
0 4 5
0 6 7
0 8 9
1 6 10
1 8 11
2 4 12
2 13 14
3 5 13
3 12 15
4 15 16
5 14 16
6 9 17
7 8 17
7 11 15
9 10 14
10 11 17
12 13 16

1 2 3
0 4 5
0 6 7
0 8 9
1 6 10
1 8 11
2 4 12
2 13 14
3 5 13
3 12 15
4 15 16
5 14 17
6 9 17
7 8 16
7 11 15
9 10 14
10 13 17
11 12 16

1 2 3
0 4 5
0 6 7
0 8 9
1 6 10
1 8 11
2 4 12
2 13 14
3 5 13
3 12 15
4 15 16
5 16 17
6 9 17
7 8 16
7 15 17
9 10 14
10 11 13
11 12 14

1 2 3
0 4 5
0 6 7
0 8 9
1 6 10
1 8 11
2 4 12
2 13 14
3 5 13
3 14 15
4 14 16
5 12 16
6 11 15
7 8 17
7 9 10
9 12 17
10 11 17
13 15 16

1 2 3
0 4 5
0 6 7
0 8 9
1 6 10
1 8 11
2 4 12
2 13 14
3 5 13
3 14 15
4 14 16
5 12 16
6 11 17
7 8 17
7 9 10
9 16 17
10 11 15
12 13 15

1 2 3
0 4 5
0 6 7
0 8 9
1 6 10
1 8 11
2 4 12
2 13 14
3 5 13
3 14 15
4 14 16
5 15 16
6 15 17
7 8 17
7 9 10
9 11 12
10 11 17
12 13 16

1 2 3
0 4 5
0 6 7
0 8 9
1 6 10
1 8 11
2 4 12
2 13 14
3 5 13
3 14 15
4 15 16
5 12 16
6 11 17
7 8 17
7 9 16
9 10 17
10 11 14
12 13 15

1 2 3
0 4 5
0 6 7
0 8 9
1 6 10
1 8 11
2 4 12
2 13 14
3 5 13
3 14 15
4 15 16
5 15 17
6 14 17
7 8 16
7 9 12
9 10 11
10 13 17
11 12 16

1 2 3
0 4 5
0 6 7
0 8 9
1 6 10
1 8 11
2 4 12
2 13 14
3 5 13
3 14 15
4 15 16
5 15 17
6 16 17
7 8 16
7 9 17
9 10 11
10 12 13
11 12 14

1 2 3
0 4 5
0 6 7
0 8 9
1 6 10
1 8 11
2 4 12
2 13 14
3 5 13
3 14 15
4 16 17
5 12 16
6 11 15
7 8 17
7 9 16
9 12 17
10 11 14
10 13 15

1 2 3
0 4 5
0 6 7
0 8 9
1 6 10
1 8 11
2 4 12
2 13 14
3 5 13
3 14 15
4 16 17
5 15 16
6 15 17
7 8 17
7 9 16
9 11 12
10 11 14
10 12 13

1 2 3
0 4 5
0 6 7
0 8 9
1 6 10
1 8 11
2 4 12
2 13 14
3 5 13
3 15 16
4 14 15
5 12 16
6 11 17
7 8 17
7 10 16
9 10 17
9 11 14
12 13 15

1 2 3
0 4 5
0 6 7
0 8 9
1 6 10
1 8 11
2 4 12
2 13 14
3 5 13
3 15 16
4 14 15
5 14 16
6 16 17
7 8 17
7 10 11
9 10 17
9 11 12
12 13 15

1 2 3
0 4 5
0 6 7
0 8 9
1 6 10
1 8 11
2 4 12
2 13 14
3 5 13
3 15 16
4 14 17
5 12 15
6 11 16
7 8 17
7 10 15
9 11 14
9 12 17
10 13 16

1 2 3
0 4 5
0 6 7
0 8 9
1 6 10
1 8 11
2 4 12
2 13 14
3 5 13
3 15 16
4 14 17
5 12 15
6 11 16
7 8 17
7 10 16
9 11 17
9 12 14
10 13 15

1 2 3
0 4 5
0 6 7
0 8 9
1 6 10
1 8 11
2 4 12
2 13 14
3 5 13
3 15 16
4 15 17
5 12 14
6 11 16
7 8 17
7 11 15
9 10 14
9 12 17
10 13 16

1 2 3
0 4 5
0 6 7
0 8 9
1 6 10
1 8 11
2 4 12
2 13 14
3 5 13
3 15 16
4 15 17
5 14 15
6 14 16
7 8 17
7 11 12
9 10 11
9 12 17
10 13 16

1 2 3
0 4 5
0 6 7
0 8 9
1 6 10
1 8 11
2 4 12
2 13 14
3 5 13
3 15 16
4 15 17
5 14 16
6 16 17
7 8 17
7 11 15
9 10 14
9 11 12
10 12 13

1 2 3
0 4 5
0 6 7
0 8 9
1 6 10
1 8 11
2 4 12
2 13 14
3 5 15
3 13 16
4 13 17
5 14 16
6 15 16
7 9 10
7 11 17
8 12 17
9 11 12
10 14 15

1 2 3
0 4 5
0 6 7
0 8 9
1 6 10
1 8 11
2 4 12
2 13 14
3 5 15
3 13 16
4 13 17
5 14 17
6 15 16
7 9 10
7 11 15
8 12 14
9 12 17
10 11 16

1 2 3
0 4 5
0 6 7
0 8 9
1 6 10
1 8 11
2 4 12
2 13 14
3 5 15
3 13 16
4 13 17
5 16 17
6 15 16
7 9 10
7 15 17
8 12 14
9 11 12
10 11 14

1 2 3
0 4 5
0 6 7
0 8 9
1 6 10
1 8 11
2 4 12
2 13 14
3 5 15
3 13 16
4 14 17
5 16 17
6 15 16
7 9 17
7 10 15
8 12 14
9 11 12
10 11 13

1 2 3
0 4 5
0 6 7
0 8 9
1 6 10
1 8 11
2 4 12
2 13 14
3 5 15
3 13 16
4 16 17
5 14 17
6 14 15
7 9 17
7 11 12
8 12 16
9 10 15
10 11 13

1 2 3
0 4 5
0 6 7
0 8 9
1 6 10
1 8 11
2 4 12
2 13 14
3 5 15
3 16 17
4 13 16
5 14 17
6 15 17
7 10 15
7 11 16
8 12 13
9 10 14
9 11 12

1 2 3
0 4 5
0 6 7
0 8 9
1 6 10
1 11 12
2 4 13
2 11 14
3 10 12
3 11 15
4 8 16
5 7 9
5 8 17
6 15 17
7 16 17
9 13 16
10 14 15
12 13 14

1 2 3
0 4 5
0 6 7
0 8 9
1 6 10
1 11 12
2 4 13
2 11 14
3 10 12
3 13 14
4 8 15
5 7 15
5 8 16
6 9 17
7 9 16
10 11 17
12 14 17
13 15 16

1 2 3
0 4 5
0 6 7
0 8 9
1 6 10
1 11 12
2 4 13
2 11 14
3 10 12
3 13 15
4 8 16
5 7 15
5 8 14
6 9 17
7 12 17
9 11 16
10 15 17
13 14 16

1 2 3
0 4 5
0 6 7
0 8 9
1 6 10
1 11 12
2 4 13
2 11 14
3 10 12
3 13 15
4 8 16
5 7 15
5 8 17
6 9 17
7 16 17
9 11 16
10 14 15
12 13 14

1 2 3
0 4 5
0 6 7
0 8 9
1 6 10
1 11 12
2 4 13
2 11 14
3 10 12
3 13 15
4 8 16
5 7 17
5 8 14
6 9 17
7 12 15
9 14 16
10 15 17
11 13 16

1 2 3
0 4 5
0 6 7
0 8 9
1 6 10
1 11 12
2 4 13
2 11 14
3 10 12
3 13 15
4 8 16
5 7 17
5 8 15
6 9 17
7 15 16
9 12 14
10 14 17
11 13 16

1 2 3
0 4 5
0 6 7
0 8 9
1 6 10
1 11 12
2 4 13
2 11 14
3 10 12
3 14 15
4 8 15
5 7 16
5 8 17
6 16 17
7 9 17
9 10 16
11 13 15
12 13 14

1 2 3
0 4 5
0 6 7
0 8 9
1 6 10
1 11 12
2 4 13
2 11 14
3 10 12
3 14 15
4 8 16
5 7 16
5 8 17
6 15 17
7 9 17
9 13 16
10 11 15
12 13 14

1 2 3
0 4 5
0 6 7
0 8 9
1 6 10
1 11 12
2 4 13
2 11 14
3 10 12
3 14 15
4 8 16
5 7 17
5 8 15
6 15 17
7 9 16
9 12 13
10 14 17
11 13 16

1 2 3
0 4 5
0 6 7
0 8 9
1 6 10
1 11 12
2 4 13
2 11 14
3 10 12
3 15 16
4 8 14
5 7 15
5 8 17
6 15 17
7 10 16
9 11 13
9 14 17
12 13 16

1 2 3
0 4 5
0 6 7
0 8 9
1 6 10
1 11 12
2 4 13
2 11 14
3 10 12
3 15 16
4 8 15
5 7 16
5 8 17
6 16 17
7 15 17
9 10 14
9 11 13
12 13 14

1 2 3
0 4 5
0 6 7
0 8 9
1 6 10
1 11 12
2 4 13
2 11 14
3 10 14
3 12 15
4 8 15
5 7 16
5 9 17
6 16 17
7 8 17
9 10 16
11 13 15
12 13 14

1 2 3
0 4 5
0 6 7
0 8 9
1 6 10
1 11 12
2 4 13
2 11 14
3 10 14
3 12 15
4 8 16
5 7 15
5 9 13
6 12 17
7 8 17
9 11 16
10 15 17
13 14 16

1 2 3
0 4 5
0 6 7
0 8 9
1 6 10
1 11 12
2 4 13
2 11 14
3 10 14
3 12 15
4 8 16
5 7 15
5 9 16
6 15 17
7 8 17
9 11 13
10 12 17
13 14 16

1 2 3
0 4 5
0 6 7
0 8 9
1 6 10
1 11 12
2 4 13
2 11 14
3 10 14
3 12 15
4 8 16
5 7 16
5 9 17
6 15 17
7 8 17
9 13 16
10 11 15
12 13 14

1 2 3
0 4 5
0 6 7
0 8 9
1 6 10
1 11 12
2 4 13
2 11 14
3 10 14
3 13 15
4 8 16
5 7 15
5 13 17
6 9 12
7 8 17
9 11 16
10 15 17
12 14 16

1 2 3
0 4 5
0 6 7
0 8 9
1 6 10
1 11 12
2 4 13
2 11 14
3 10 14
3 13 15
4 8 16
5 7 15
5 14 17
6 9 17
7 8 12
9 11 16
10 15 17
12 13 16

1 2 3
0 4 5
0 6 7
0 8 9
1 6 10
1 11 12
2 4 13
2 11 14
3 10 14
3 13 15
4 8 16
5 7 15
5 16 17
6 9 17
7 8 17
9 11 16
10 12 15
12 13 14

1 2 3
0 4 5
0 6 7
0 8 9
1 6 10
1 11 12
2 4 13
2 11 14
3 10 14
3 15 16
4 8 15
5 7 16
5 15 17
6 16 17
7 8 17
9 10 12
9 11 13
12 13 14

1 2 3
0 4 5
0 6 7
0 8 9
1 6 10
1 11 12
2 4 13
2 11 14
3 10 15
3 12 14
4 8 16
5 7 15
5 9 16
6 15 17
7 9 17
8 11 13
10 12 17
13 14 16

1 2 3
0 4 5
0 6 7
0 8 9
1 6 10
1 11 12
2 4 13
2 11 14
3 10 15
3 12 14
4 8 16
5 7 15
5 9 17
6 15 17
7 9 16
8 11 13
10 14 17
12 13 16

1 2 3
0 4 5
0 6 7
0 8 9
1 6 10
1 11 12
2 4 13
2 11 14
3 10 15
3 12 14
4 8 16
5 7 17
5 9 16
6 15 17
7 9 15
8 13 14
10 12 17
11 13 16

1 2 3
0 4 5
0 6 7
0 8 9
1 6 10
1 11 12
2 4 13
2 11 14
3 10 15
3 14 16
4 8 17
5 7 15
5 16 17
6 15 16
7 9 17
8 11 13
9 12 13
10 12 14

1 2 3
0 4 5
0 6 7
0 8 9
1 6 10
1 11 12
2 4 13
2 11 14
3 10 15
3 16 17
4 8 14
5 7 16
5 15 17
6 15 16
7 10 17
8 12 13
9 11 13
9 12 14

1 2 3
0 4 5
0 6 7
0 8 9
1 6 10
1 11 12
2 4 13
2 11 14
3 11 15
3 12 16
4 14 15
5 7 8
5 9 17
6 16 17
7 10 16
8 10 17
9 13 14
12 13 15

1 2 3
0 4 5
0 6 7
0 8 9
1 6 10
1 11 12
2 4 13
2 11 14
3 11 15
3 12 16
4 14 17
5 7 8
5 9 17
6 15 16
7 10 16
8 13 17
9 13 14
10 12 15

1 2 3
0 4 5
0 6 7
0 8 9
1 6 10
1 11 12
2 4 13
2 11 14
3 11 15
3 16 17
4 14 16
5 7 8
5 15 16
6 15 17
7 10 17
8 12 13
9 10 12
9 13 14

1 2 3
0 4 5
0 6 7
0 8 9
1 6 10
1 11 12
2 4 13
2 11 14
3 12 15
3 16 17
4 15 16
5 7 16
5 8 13
6 12 17
7 15 17
8 10 14
9 10 11
9 13 14

1 2 3
0 4 5
0 6 7
0 8 9
1 10 11
1 12 13
2 10 12
2 11 14
3 10 15
3 13 14
4 6 8
4 7 16
5 6 17
5 9 16
7 9 17
8 16 17
11 13 15
12 14 15

1 2 3
0 4 5
0 6 7
0 8 9
1 10 11
1 12 13
2 10 12
2 11 14
3 10 15
3 13 16
4 6 8
4 7 16
5 6 17
5 9 14
7 13 15
8 14 17
9 11 17
12 15 16

1 2 3
0 4 5
0 6 7
0 8 9
1 10 11
1 12 13
2 10 12
2 11 14
3 11 15
3 13 14
4 6 16
4 7 8
5 6 17
5 9 16
7 9 17
8 16 17
10 13 15
12 14 15

1 2 3
0 4 5
0 6 7
0 8 9
1 10 11
1 12 13
2 10 12
2 14 15
3 11 13
3 16 17
4 6 16
4 8 14
5 6 17
5 8 15
7 11 17
7 13 16
9 10 15
9 12 14

1 2 3
0 4 5
0 6 7
0 8 9
1 10 11
1 12 13
2 10 14
2 12 15
3 11 15
3 13 14
4 6 16
4 8 17
5 7 17
5 9 16
6 9 17
7 8 16
10 13 15
11 12 14