1
      2  1  1  1  2  2  3  3  4  4  7  8  9 10 11 12 12 13 13 14 
      3  5  7  9  7  8  5  6  5  6 14 16 18 11 16 15 18 15 16 17 
      4  6  8 10  9 10 11 12 13 14 15 17 19 20 18 19 20 17 20 19 
2
      2  1  1  1  2  2  3  3  4  4  6  8  9 10 11 12 12 13 13 14 
      3  5  7  9  7  8  5  6  5  7 14 16 18 11 16 15 18 15 16 17 
      4  6  8 10  9 11 10 12 13 14 15 17 19 20 18 19 20 17 20 19 
3
      2  1  1  1  2  2  3  3  4  4  6  7  8  9 11 12 13 13 14 14 
      3  5  7  9  7  8  5  6  5 11 10 10 17 19 17 18 15 16 15 16 
      4  6  8 10  9 11 12 13 14 12 15 16 18 20 19 20 20 19 18 17 
4
      2  1  1  1  2  2  3  3  4  4  6  7  8  9 10 11 13 13 14 14 
      3  5  7  9  7  8  5  6  5 12 12 10 17 19 17 18 15 16 15 16 
      4  6  8 10  9 11 12 13 14 15 16 11 18 20 19 20 20 19 18 17 
5
      2  1  1  1  2  2  3  3  4  4  6  6  8  9 10 12 12 13 14 15 
      3  5  7  9  7 11  5 11  5  7  8 16 16 11 18 13 18 15 17 16 
      4  6  8 10  9 12 10 13 14 15 14 17 18 19 20 20 19 17 20 19 
6
      2  1  1  1  2  2  3  3  4  4  5  6  6  7  8  8 11 11 14 14 
      3  5  7  9  7 12  5 15 12 13 17  9 10 19  9 10 12 13 15 16 
      4  6  8 10 11 13 14 16 15 16 18 17 18 20 19 20 20 19 18 17