1
      2  1  1  1  2  2  3  3  4  4  7  8  9 10 11 12 13 14 15 15 16 17 
      3  5  7  9  7  8  5  6  5  6 14 13 12 11 19 19 20 21 16 17 18 18 
      4  6  8 10  9 10 11 12 13 14 15 16 17 18 20 21 22 22 22 21 20 19 
2
      2  1  1  1  2  2  3  3  4  4  6  8  9 10 11 12 13 14 15 15 16 17 
      3  5  7  9  7  8  5  6  5  7 14 13 12 11 19 19 20 21 16 17 18 18 
      4  6  8 10  9 11 10 12 13 14 15 16 17 18 20 21 22 22 22 21 20 19 
3
      2  1  1  1  2  2  3  3  4  4  6  7  8  9 11 12 13 14 15 15 16 16 
      3  5  7  9  7  8  5  6  5 11 10 10 14 13 19 21 19 20 17 18 17 18 
      4  6  8 10  9 11 12 13 14 12 15 16 17 18 20 22 21 22 22 21 20 19 
4
      2  1  1  1  2  2  3  3  4  4  6  7  8  9 11 12 13 13 14 14 15 16 
      3  5  7  9  7  8  5  6  5 11 10 10 17 19 16 15 19 20 17 18 17 18 
      4  6  8 10  9 11 12 13 14 12 15 16 18 20 21 22 21 22 22 21 20 19 
5
      2  1  1  1  2  2  3  3  4  4  6  7  8  9 10 11 13 13 14 14 15 16 
      3  5  7  9  7  8  5  6  5 11 10 15 17 19 12 12 19 20 17 18 17 18 
      4  6  8 10  9 11 12 13 14 15 16 16 18 20 21 22 21 22 22 21 20 19 
6
      2  1  1  1  2  2  3  3  4  4  6  7  8  9 10 11 13 14 15 15 16 16 
      3  5  7  9  7  8  5  6  5 12 12 10 14 13 19 21 19 20 17 18 17 18 
      4  6  8 10  9 11 12 13 14 15 16 11 17 18 20 22 21 22 22 21 20 19 
7
      2  1  1  1  2  2  3  3  4  4  6  7  8  9 10 11 13 13 14 14 15 16 
      3  5  7  9  7  8  5  6  5 12 12 10 17 19 16 15 19 20 17 18 17 18 
      4  6  8 10  9 11 12 13 14 15 16 11 18 20 21 22 21 22 22 21 20 19 
8
      2  1  1  1  2  2  3  3  4  4  6  7  8  9 10 11 13 13 14 14 15 16 
      3  5  7  9  7  8  5  6  5 12 15 10 17 19 11 12 19 20 17 18 17 18 
      4  6  8 10  9 11 12 13 14 15 16 16 18 20 21 22 21 22 22 21 20 19 
9
      2  1  1  1  2  2  3  3  4  4  6  6  8 10 11 12 13 14 15 15 16 17 
      3  5  7  9  7 11  5 11  5  7  8 14  9 12 19 19 21 20 16 18 17 18 
      4  6  8 10  9 12 10 13 13 14 15 16 17 18 20 21 22 22 22 21 20 19 
10
      2  1  1  1  2  2  3  3  4  4  6  6  8 10 11 12 12 13 14 14 15 17 
      3  5  7  9  7 11  5 11  5  7  8 16  9 19 18 19 20 15 16 17 16 18 
      4  6  8 10  9 12 10 13 13 14 15 17 18 20 21 21 22 22 22 21 20 19 
11
      2  1  1  1  2  2  3  3  4  4  6  6  8  9 10 12 13 13 14 15 16 17 
      3  5  7  9  7 11  5 11  5  7  8 15 17 11 12 17 16 20 21 18 18 19 
      4  6  8 10  9 12 10 13 14 15 14 16 18 19 20 21 22 21 22 22 19 20 
12
      2  1  1  1  2  2  3  3  4  4  6  6  8  9 10 12 12 13 13 15 15 17 
      3  5  7  9  7 11  5 11  5  7  8 16 18 11 20 19 21 14 16 16 17 18 
      4  6  8 10  9 12 10 13 14 15 14 17 19 18 21 20 22 22 21 22 19 20 
13
      2  1  1  1  2  2  3  3  4  4  6  6  8  9 10 11 12 13 14 15 16 16 
      3  5  7  9  7 11  5 11  5  7  8 15 14 13 12 21 18 17 20 19 17 18 
      4  6  8 10  9 12 10 13 14 15 16 17 18 19 20 22 21 22 21 22 19 20 
14
      2  1  1  1  2  2  3  3  4  4  6  6  8  9 10 11 12 13 14 15 16 16 
      3  5  7  9  7 11  5 11  5  7  8 15 14 13 12 21 19 20 17 18 17 19 
      4  6  8 10  9 12 10 13 14 15 16 17 18 19 20 22 21 21 22 22 18 20 
15
      2  1  1  1  2  2  3  3  4  4  6  6  8  9 10 11 12 13 13 14 14 16 
      3  5  7  9  7 11  5 11  5  7  8 15 18 20 12 15 18 17 20 17 18 19 
      4  6  8 10  9 12 10 13 14 15 16 17 19 21 16 22 20 21 22 19 22 21 
16
      2  1  1  1  2  2  3  3  4  4  6  6  8  8  9 10 12 12 14 15 16 17 
      3  5  7  9  7 11  5 13  5  7 13 17 11 17 13 11 14 19 18 18 19 20 
      4  6  8 10  9 12 10 14 15 16 16 18 15 19 20 21 22 20 21 22 22 21 
17
      2  1  1  1  2  2  3  3  4  4  6  6  8  8  9 10 12 12 13 15 16 17 
      3  5  7  9  7 11  5 13  5  7 13 17 11 15 14 11 14 19 18 18 20 19 
      4  6  8 10  9 12 10 14 15 16 16 18 19 17 20 21 22 20 22 21 22 21 
18
      2  1  1  1  2  2  3  3  4  4  6  6  8  8  9 10 11 12 13 15 16 17 
      3  5  7  9  7 11  5 13  5  7 13 16 11 15 14 12 20 14 21 17 19 18 
      4  6  8 10  9 12 10 14 15 16 17 18 19 18 20 21 22 22 22 21 20 19 
19
      2  1  1  1  2  2  3  3  4  4  6  6  7  8  8  9 10 10 11 12 13 14 
      3  5  7  9  7 11  5 14  5 17 14 17 20 11 18 19 12 15 15 13 17 16 
      4  6  8 10  9 12 13 15 16 18 19 20 21 22 19 22 21 20 16 18 22 21 
20
      2  1  1  1  2  2  3  3  4  4  6  6  7  8  8  9 10 10 11 12 13 14 
      3  5  7  9  7 11  5 14  5 17 14 17 20 11 19 19 12 20 15 13 15 16 
      4  6  8 10  9 12 13 15 16 18 19 20 21 22 21 22 21 22 16 18 17 18