1
      2  1  1  1  2  2  3  3  4  4  6  7  8  9 11 12 13 14 15 16 17 17 18 18 
      3  5  7  9  7  8  5  6  5 11 10 10 14 13 16 15 21 23 21 22 19 20 19 20 
      4  6  8 10  9 11 12 13 14 12 15 16 17 18 19 20 22 24 23 24 24 23 22 21 
2
      2  1  1  1  2  2  3  3  4  4  6  7  8  9 10 11 13 14 15 16 17 17 18 18 
      3  5  7  9  7  8  5  6  5 11 10 15 14 13 12 12 21 23 21 22 19 20 19 20 
      4  6  8 10  9 11 12 13 14 15 16 16 17 18 19 20 22 24 23 24 24 23 22 21 
3
      2  1  1  1  2  2  3  3  4  4  6  7  8  9 10 11 13 13 14 14 15 16 17 18 
      3  5  7  9  7  8  5  6  5 11 10 15 17 19 12 12 19 20 17 18 22 21 20 19 
      4  6  8 10  9 11 12 13 14 15 16 16 18 20 21 22 23 24 24 23 23 24 21 22 
4
      2  1  1  1  2  2  3  3  4  4  6  7  8  9 10 11 12 13 13 14 14 15 17 19 
      3  5  7  9  7  8  5  6  5 11 10 15 18 20 12 17 16 20 21 18 19 16 18 20 
      4  6  8 10  9 11 12 13 14 15 16 17 19 21 22 22 23 23 24 24 23 24 21 22 
5
      2  1  1  1  2  2  3  3  4  4  6  7  8  9 10 11 13 14 15 16 17 17 18 18 
      3  5  7  9  7  8  5  6  5 12 12 10 14 13 16 15 21 23 21 22 19 20 19 20 
      4  6  8 10  9 11 12 13 14 15 16 11 17 18 19 20 22 24 23 24 24 23 22 21 
6
      2  1  1  1  2  2  3  3  4  4  6  7  8  9 10 11 13 14 15 16 17 17 18 18 
      3  5  7  9  7  8  5  6  5 12 15 10 14 13 11 12 21 23 21 22 19 20 19 20 
      4  6  8 10  9 11 12 13 14 15 16 16 17 18 19 20 22 24 23 24 24 23 22 21 
7
      2  1  1  1  2  2  3  3  4  4  6  7  8  9 10 11 13 13 14 14 15 16 17 18 
      3  5  7  9  7  8  5  6  5 12 15 10 17 19 11 12 19 20 17 18 22 21 20 19 
      4  6  8 10  9 11 12 13 14 15 16 16 18 20 21 22 23 24 24 23 23 24 21 22 
8
      2  1  1  1  2  2  3  3  4  4  6  7  8  9 10 11 12 13 13 14 14 15 16 19 
      3  5  7  9  7  8  5  6  5 12 15 10 18 20 11 17 16 20 21 18 19 17 18 20 
      4  6  8 10  9 11 12 13 14 15 16 17 19 21 22 23 22 23 24 24 23 24 21 22 
9
      2  1  1  1  2  2  3  3  4  4  6  7  8  9 10 11 11 13 13 14 14 15 17 19 
      3  5  7  9  7  8  5  6  5 12 16 10 18 20 17 12 15 20 21 18 19 16 18 20 
      4  6  8 10  9 11 12 13 14 15 17 16 19 21 22 22 23 23 24 24 23 24 21 22 
10
      2  1  1  1  2  2  3  3  4  4  6  7  8  9 10 10 11 12 13 13 14 14 17 18 
      3  5  7  9  7  8  5  6  5 15 15 15 19 21 11 17 16 16 21 22 19 20 19 20 
      4  6  8 10  9 11 12 13 14 16 17 18 20 22 12 18 23 24 23 24 24 23 22 21 
11
      2  1  1  1  2  2  3  3  4  4  6  7  8  9 10 10 11 12 13 13 14 14 16 17 
      3  5  7  9  7  8  5  6  5 15 15 15 19 21 11 18 18 16 21 22 19 20 19 20 
      4  6  8 10  9 11 12 13 14 16 17 18 20 22 12 23 24 17 23 24 24 23 22 21 
12
      2  1  1  1  2  2  3  3  4  4  6  7  8  9 10 10 11 12 13 13 14 14 17 18 
      3  5  7  9  7  8  5  6  5 15 15 16 19 21 11 12 16 15 21 22 19 20 19 20 
      4  6  8 10  9 11 12 13 14 16 17 18 20 22 18 17 23 24 23 24 24 23 22 21 
13
      2  1  1  1  2  2  3  3  4  4  6  7  8  9 10 10 11 11 13 13 14 14 16 18 
      3  5  7  9  7  8  5  6  5 15 17 15 19 21 12 17 12 15 21 22 19 20 19 20 
      4  6  8 10  9 11 12 13 14 16 18 17 20 22 18 23 16 24 23 24 24 23 22 21 
14
      2  1  1  1  2  2  3  3  4  4  6  6  8 10 11 12 13 14 15 16 16 17 18 18 
      3  5  7  9  7 11  5 11  5  7  8 14  9 12 17 20 15 23 20 19 22 21 19 20 
      4  6  8 10  9 12 10 13 13 14 15 16 17 18 19 21 22 24 23 24 23 24 21 22 
15
      2  1  1  1  2  2  3  3  4  4  6  6  8  9 10 12 13 13 15 16 16 17 18 19 
      3  5  7  9  7 11  5 11  5  7  8 15 17 11 12 20 14 20 23 18 22 21 19 20 
      4  6  8 10  9 12 10 13 14 15 14 16 18 17 19 21 22 23 24 24 23 24 21 22 
16
      2  1  1  1  2  2  3  3  4  4  6  6  8  9 10 11 12 13 15 16 17 17 18 19 
      3  5  7  9  7 11  5 11  5  7  8 15 14 13 12 14 21 21 23 22 18 20 19 20 
      4  6  8 10  9 12 10 13 14 15 16 17 18 16 19 20 22 23 24 24 24 23 22 21 
17
      2  1  1  1  2  2  3  3  4  4  6  6  8  9 10 11 12 13 13 14 14 16 17 19 
      3  5  7  9  7 11  5 11  5  7  8 15 18 20 12 15 22 20 21 18 19 17 18 20 
      4  6  8 10  9 12 10 13 14 15 16 17 19 21 16 22 23 23 24 24 23 24 21 22 
18
      2  1  1  1  2  2  3  3  4  4  6  6  8  9 10 11 12 13 13 14 14 15 17 19 
      3  5  7  9  7 11  5 11  5  7  8 15 18 20 12 17 16 20 21 18 19 16 18 20 
      4  6  8 10  9 12 10 13 14 15 16 17 19 21 22 22 23 23 24 24 23 24 21 22 
19
      2  1  1  1  2  2  3  3  4  4  6  6  8  9 10 11 12 12 13 13 15 15 17 18 
      3  5  7  9  7 11  5 11  5  7  8 17 19 16 21 14 21 22 14 16 17 18 19 20 
      4  6  8 10  9 12 10 13 14 15 16 18 20 19 22 20 23 24 23 24 24 23 22 21 
20
      2  1  1  1  2  2  3  3  4  4  6  6  8  8 10 12 12 13 14 16 17 17 18 19 
      3  5  7  9  7 11  5 13  5  7 14 16  9 11 11 15 21 21 22 23 18 19 20 20 
      4  6  8 10  9 12 10 14 13 15 15 17 18 19 16 20 22 23 24 24 24 23 22 21 
21
      2  1  1  1  2  2  3  3  4  4  6  6  8  8 10 12 12 13 14 15 16 16 17 17 
      3  5  7  9  7 11  5 13  5  7 14 16  9 11 11 21 23 19 18 22 18 20 19 20 
      4  6  8 10  9 12 10 14 13 15 15 17 18 19 20 22 24 21 23 24 24 23 22 21 
22
      2  1  1  1  2  2  3  3  4  4  6  6  8  8 10 11 12 13 14 15 16 16 17 19 
      3  5  7  9  7 11  5 13  5  7 14 15  9 11 12 21 21 19 18 22 17 20 18 20 
      4  6  8 10  9 12 10 14 13 15 16 17 18 19 20 22 23 23 24 24 24 23 22 21 
23
      2  1  1  1  2  2  3  3  4  4  6  6  8  8 10 11 12 13 14 15 16 16 17 18 
      3  5  7  9  7 11  5 13  5  7 14 15  9 11 12 21 21 19 18 22 17 20 19 20 
      4  6  8 10  9 12 10 14 13 15 16 17 18 19 20 22 23 24 23 24 24 23 22 21 
24
      2  1  1  1  2  2  3  3  4  4  6  6  8  8 10 11 12 12 14 15 15 16 17 18 
      3  5  7  9  7 11  5 13  5  7 14 17  9 11 20 13 20 21 22 17 18 19 19 20 
      4  6  8 10  9 12 10 14 13 15 16 18 16 19 21 22 23 24 23 24 23 24 21 22 
25
      2  1  1  1  2  2  3  3  4  4  6  6  8  8 10 11 12 12 13 14 15 17 18 18 
      3  5  7  9  7 11  5 13  5  7 15 17  9 16 11 14 20 23 16 17 22 21 19 20 
      4  6  8 10  9 12 10 14 13 15 16 18 19 20 21 19 22 24 23 24 24 23 22 21 
26
      2  1  1  1  2  2  3  3  4  4  6  6  8  8 10 11 12 12 13 14 15 16 17 18 
      3  5  7  9  7 11  5 13  5  7 15 17  9 16 11 14 19 22 17 19 23 18 21 20 
      4  6  8 10  9 12 10 14 13 15 16 18 19 20 21 22 23 24 20 24 24 23 22 21 
27
      2  1  1  1  2  2  3  3  4  4  6  6  8  8 10 11 12 12 13 14 15 16 18 19 
      3  5  7  9  7 11  5 13  5  7 15 17  9 17 11 20 14 22 17 16 23 18 20 21 
      4  6  8 10  9 12 10 14 13 15 16 18 19 20 21 22 19 23 24 23 24 24 21 22 
28
      2  1  1  1  2  2  3  3  4  4  6  6  8  8 10 11 12 12 13 14 15 16 17 18 
      3  5  7  9  7 11  5 13  5  7 15 17  9 17 11 20 14 22 20 16 23 18 21 19 
      4  6  8 10  9 12 10 14 13 15 16 18 19 20 21 22 23 24 24 19 24 23 22 21 
29
      2  1  1  1  2  2  3  3  4  4  6  6  8  8  9 10 12 12 14 14 15 15 16 20 
      3  5  7  9  7 11  5 13  5  7 13 17 11 19 21 11 13 19 18 21 18 19 17 22 
      4  6  8 10  9 12 10 14 15 16 16 18 17 20 22 23 23 21 22 24 20 24 24 23 
30
      2  1  1  1  2  2  3  3  4  4  6  6  8  8  9 10 12 12 13 14 16 17 18 18 
      3  5  7  9  7 11  5 13  5  7 13 17 11 15 14 11 20 23 15 17 22 21 19 20 
      4  6  8 10  9 12 10 14 15 16 16 18 19 20 19 21 22 24 23 24 24 23 22 21 
31
      2  1  1  1  2  2  3  3  4  4  6  6  8  8  9 10 12 12 13 14 15 17 18 19 
      3  5  7  9  7 11  5 13  5  7 13 17 11 15 14 11 16 20 23 18 22 21 19 20 
      4  6  8 10  9 12 10 14 15 16 16 18 19 20 21 17 22 23 24 24 23 24 21 22 
32
      2  1  1  1  2  2  3  3  4  4  6  6  8  8  9 10 11 12 13 14 16 17 17 19 
      3  5  7  9  7 11  5 13  5  7 13 16 11 15 14 12 22 20 15 18 23 18 20 21 
      4  6  8 10  9 12 10 14 15 16 17 18 19 20 19 21 23 22 24 23 24 24 21 22 
33
      2  1  1  1  2  2  3  3  4  4  6  6  8  8  9 10 11 12 13 14 16 17 17 18 
      3  5  7  9  7 11  5 13  5  7 13 16 11 15 14 12 22 22 15 21 20 18 21 19 
      4  6  8 10  9 12 10 14 15 16 17 18 19 20 19 21 23 24 24 22 23 20 24 23 
34
      2  1  1  1  2  2  3  3  4  4  6  6  8  8  9 10 11 12 12 14 14 15 15 17 
      3  5  7  9  7 11  5 13  5  7 13 18 11 20 22 17 16 13 20 19 22 19 20 21 
      4  6  8 10  9 12 10 14 15 16 17 19 18 21 23 18 24 16 22 23 24 21 24 23 
35
      2  1  1  1  2  2  3  3  4  4  6  6  8  8  9 10 11 12 12 14 16 17 18 19 
      3  5  7  9  7 11  5 13  5  7 16 18 15 18 13 11 13 14 22 15 23 19 21 20 
      4  6  8 10  9 12 10 14 15 16 17 19 17 20 20 21 22 23 24 24 24 23 22 21 
36
      2  1  1  1  2  2  3  3  4  4  6  6  8  8  9 10 11 12 12 14 16 17 18 19 
      3  5  7  9  7 11  5 13  5  7 16 18 15 17 13 11 14 13 22 15 23 19 21 20 
      4  6  8 10  9 12 10 14 15 16 17 19 18 20 20 21 22 23 24 24 24 23 22 21 
37
      2  1  1  1  2  2  3  3  4  4  6  6  7  8  8 10 10 11 12 12 13 14 15 19 
      3  5  7  9  7 11  5 14  5 16 16 19 18  9 19 11 18 13 15 22 16 20 17 21 
      4  6  8 10  9 12 13 15 14 17 18 20 21 22 23 21 23 17 24 23 24 24 20 22 
38
      2  1  1  1  2  2  3  3  4  4  6  6  7  8  8 10 10 11 12 12 13 14 15 17 
      3  5  7  9  7 11  5 14  5 16 16 19 18  9 19 11 18 13 15 22 16 20 20 19 
      4  6  8 10  9 12 13 15 14 17 18 20 21 22 23 21 24 17 24 23 23 24 21 22