1
2 1 1 1 2 2 3 3 4 4 7 8 9 10 11 11 12 13 15 16 17 18 19 19 20 21 
3 5 7 9 7 8 5 6 5 6 15 15 16 17 12 13 14 14 23 23 24 25 20 21 22 22 
4 6 8 10 9 10 11 12 13 14 16 17 18 18 19 20 21 22 24 25 26 26 26 25 24 23 
2
2 1 1 1 2 2 3 3 4 4 7 8 9 10 11 11 12 13 14 16 17 18 19 19 20 21 
3 5 7 9 7 8 5 6 5 6 15 15 16 17 12 13 14 15 23 23 24 25 20 21 22 22 
4 6 8 10 9 10 11 12 13 14 16 17 18 19 18 20 21 22 24 25 26 26 26 25 24 23 
3
2 1 1 1 2 2 3 3 4 4 7 8 9 10 11 11 12 13 14 14 17 17 18 19 20 21 
3 5 7 9 7 8 5 6 5 6 15 15 16 19 12 13 21 15 16 21 20 23 22 25 22 23 
4 6 8 10 9 10 11 12 13 14 16 17 18 20 18 19 22 23 24 25 26 25 26 26 24 24 
4
2 1 1 1 2 2 3 3 4 4 7 8 9 10 11 11 12 13 14 14 16 17 18 19 20 21 
3 5 7 9 7 8 5 6 5 6 15 15 16 19 12 13 19 15 17 21 20 23 22 25 22 23 
4 6 8 10 9 10 11 12 13 14 16 17 18 20 18 21 22 23 24 25 26 25 26 26 24 24 
5
2 1 1 1 2 2 3 3 4 4 7 8 9 10 11 11 12 13 14 14 16 17 18 19 20 22 
3 5 7 9 7 8 5 6 5 6 15 15 16 19 12 13 19 15 17 22 23 20 21 25 21 23 
4 6 8 10 9 10 11 12 13 14 16 17 18 20 18 21 22 23 24 25 25 26 26 26 24 24 
6
2 1 1 1 2 2 3 3 4 4 7 8 9 10 11 11 12 13 14 14 16 17 17 19 20 22 
3 5 7 9 7 8 5 6 5 6 15 15 16 19 12 13 22 15 21 23 19 18 20 23 21 24 
4 6 8 10 9 10 11 12 13 14 16 17 18 20 18 21 23 22 24 25 25 26 24 26 26 25 
7
2 1 1 1 2 2 3 3 4 4 7 8 9 10 11 11 12 13 14 14 17 17 18 19 20 21 
3 5 7 9 7 8 5 6 5 6 15 15 16 19 12 13 21 21 15 16 18 23 22 22 23 24 
4 6 8 10 9 10 11 12 13 14 16 17 18 20 19 20 22 23 24 25 26 24 25 26 26 25 
8
2 1 1 1 2 2 3 3 4 4 7 8 9 10 11 11 12 13 13 14 16 17 19 19 20 21 
3 5 7 9 7 8 5 6 5 6 15 15 18 18 12 17 16 14 23 23 25 24 20 22 21 22 
4 6 8 10 9 10 11 12 13 14 16 17 19 20 18 21 22 15 24 25 26 26 26 25 24 23 
9
2 1 1 1 2 2 3 3 4 4 7 8 9 10 11 11 12 13 13 14 16 17 17 19 20 21 
3 5 7 9 7 8 5 6 5 6 15 15 18 18 12 20 22 14 22 16 23 19 21 23 24 22 
4 6 8 10 9 10 11 12 13 14 16 17 19 20 18 21 23 15 24 25 26 26 24 25 26 25 
10
2 1 1 1 2 2 3 3 4 4 7 8 9 10 11 11 12 13 13 14 16 16 17 19 21 22 
3 5 7 9 7 8 5 6 5 6 15 15 18 18 12 21 21 14 23 22 17 20 19 20 24 23 
4 6 8 10 9 10 11 12 13 14 16 17 19 20 18 22 23 15 24 24 25 26 26 25 26 25 
11
2 1 1 1 2 2 3 3 4 4 7 8 9 10 11 11 12 13 13 14 15 16 17 18 19 20 
3 5 7 9 7 8 5 6 5 6 15 15 18 18 12 17 16 14 20 19 22 21 21 25 23 22 
4 6 8 10 9 10 11 12 13 14 16 17 19 20 21 22 23 24 25 26 23 26 25 26 24 24 
12
2 1 1 1 2 2 3 3 4 4 7 8 9 10 11 11 12 13 13 14 14 16 17 19 20 23 
3 5 7 9 7 8 5 6 5 6 15 15 18 20 12 17 16 15 20 19 22 21 18 21 22 24 
4 6 8 10 9 10 11 12 13 14 16 17 19 21 18 22 23 23 24 25 24 25 26 26 26 25 
13
2 1 1 1 2 2 3 3 4 4 7 8 9 10 11 11 12 13 13 14 14 16 17 19 20 22 
3 5 7 9 7 8 5 6 5 6 15 15 18 20 12 20 19 15 17 16 22 21 18 21 24 23 
4 6 8 10 9 10 11 12 13 14 16 17 19 21 18 22 23 23 24 25 24 26 26 25 26 25 
14
2 1 1 1 2 2 3 3 4 4 7 8 9 10 11 11 12 12 13 14 14 15 16 17 18 19 
3 5 7 9 7 8 5 6 5 6 15 17 17 20 20 21 13 19 18 15 16 21 20 25 22 23 
4 6 8 10 9 10 11 12 13 14 16 18 19 21 22 23 24 25 26 23 22 25 26 26 24 24 
15
2 1 1 1 2 2 3 3 4 4 7 8 9 10 11 11 12 12 13 13 14 14 16 18 20 23 
3 5 7 9 7 8 5 6 5 6 15 17 19 21 17 22 15 20 17 18 15 16 21 19 22 24 
4 6 8 10 9 10 11 12 13 14 16 18 20 22 21 23 19 24 24 25 23 25 26 26 26 25 
16
2 1 1 1 2 2 3 3 4 4 7 8 9 10 11 11 12 12 13 13 14 14 16 17 18 23 
3 5 7 9 7 8 5 6 5 6 15 17 19 21 17 22 15 19 18 22 15 16 21 19 20 24 
4 6 8 10 9 10 11 12 13 14 16 18 20 22 21 23 24 25 24 25 23 20 26 26 26 25 
17
2 1 1 1 2 2 3 3 4 4 7 8 9 10 11 11 12 12 13 13 14 14 15 16 17 18 
3 5 7 9 7 8 5 6 5 6 15 17 19 21 21 22 19 20 17 18 15 16 22 21 20 19 
4 6 8 10 9 10 11 12 13 14 16 18 20 22 23 24 25 26 26 25 24 23 25 26 23 24 
18
2 1 1 1 2 2 3 3 4 4 6 8 9 10 11 11 12 13 15 16 17 18 19 19 20 21 
3 5 7 9 7 8 5 6 5 7 15 15 16 17 12 13 14 14 23 23 24 25 20 21 22 22 
4 6 8 10 9 11 10 12 13 14 16 17 18 18 19 20 21 22 24 25 26 26 26 25 24 23 
19
2 1 1 1 2 2 3 3 4 4 6 8 9 10 11 11 12 13 14 16 17 18 19 19 20 21 
3 5 7 9 7 8 5 6 5 7 15 15 16 17 12 13 14 15 23 23 24 25 20 21 22 22 
4 6 8 10 9 11 10 12 13 14 16 17 18 19 18 20 21 22 24 25 26 26 26 25 24 23 
20
2 1 1 1 2 2 3 3 4 4 6 8 9 10 11 11 12 13 14 15 17 18 19 19 20 21 
3 5 7 9 7 8 5 6 5 7 15 15 16 18 12 13 16 14 23 23 25 24 20 22 21 22 
4 6 8 10 9 11 10 12 13 14 16 17 18 19 20 17 21 22 24 25 26 26 26 25 24 23 
21
2 1 1 1 2 2 3 3 4 4 6 8 9 10 11 11 12 13 14 15 17 17 18 19 20 21 
3 5 7 9 7 8 5 6 5 7 15 15 16 18 12 13 21 14 16 21 20 23 22 25 22 23 
4 6 8 10 9 11 10 12 13 14 16 17 18 19 20 19 22 23 24 25 26 25 26 26 24 24 
22
2 1 1 1 2 2 3 3 4 4 6 8 9 10 11 11 12 13 14 14 17 17 18 19 20 21 
3 5 7 9 7 8 5 6 5 7 15 15 16 19 12 13 21 15 16 21 20 23 22 25 22 23 
4 6 8 10 9 11 10 12 13 14 16 17 18 20 18 19 22 23 24 25 26 25 26 26 24 24 
23
2 1 1 1 2 2 3 3 4 4 6 8 9 10 11 11 12 13 14 14 16 17 18 19 20 22 
3 5 7 9 7 8 5 6 5 7 15 15 16 19 12 13 19 15 17 22 23 20 21 25 21 23 
4 6 8 10 9 11 10 12 13 14 16 17 18 20 18 21 22 23 24 25 25 26 26 26 24 24 
24
2 1 1 1 2 2 3 3 4 4 6 8 9 10 11 11 12 13 14 14 16 17 17 19 20 22 
3 5 7 9 7 8 5 6 5 7 15 15 16 19 12 13 22 15 21 23 19 18 20 23 21 24 
4 6 8 10 9 11 10 12 13 14 16 17 18 20 18 21 23 22 24 25 25 26 24 26 26 25 
25
2 1 1 1 2 2 3 3 4 4 6 8 9 10 11 11 12 13 14 14 17 18 18 19 20 21 
3 5 7 9 7 8 5 6 5 7 15 15 16 19 12 13 16 22 15 22 23 20 21 25 23 22 
4 6 8 10 9 11 10 12 13 14 16 17 18 20 19 17 21 23 24 25 26 26 25 26 24 24 
26
2 1 1 1 2 2 3 3 4 4 6 8 9 10 11 11 12 13 14 14 17 17 18 19 20 21 
3 5 7 9 7 8 5 6 5 7 15 15 16 19 12 13 21 21 15 16 18 23 22 22 23 24 
4 6 8 10 9 11 10 12 13 14 16 17 18 20 19 20 22 23 24 25 26 24 25 26 26 25 
27
2 1 1 1 2 2 3 3 4 4 6 8 9 10 11 11 12 13 14 14 15 17 18 19 20 22 
3 5 7 9 7 8 5 6 5 7 15 15 16 19 12 13 16 19 18 23 22 21 20 25 21 23 
4 6 8 10 9 11 10 12 13 14 16 17 18 20 21 17 22 23 24 25 25 26 26 26 24 24 
28
2 1 1 1 2 2 3 3 4 4 6 8 9 10 11 11 12 13 13 14 16 17 19 19 20 21 
3 5 7 9 7 8 5 6 5 7 15 15 18 18 12 17 16 14 23 23 25 24 20 22 21 22 
4 6 8 10 9 11 10 12 13 14 16 17 19 20 18 21 22 15 24 25 26 26 26 25 24 23 
29
2 1 1 1 2 2 3 3 4 4 6 8 9 10 11 11 12 13 13 14 16 17 17 19 20 21 
3 5 7 9 7 8 5 6 5 7 15 15 18 18 12 20 22 14 22 16 23 19 21 23 24 22 
4 6 8 10 9 11 10 12 13 14 16 17 19 20 18 21 23 15 24 25 26 26 24 25 26 25 
30
2 1 1 1 2 2 3 3 4 4 6 8 9 10 11 11 12 13 13 14 16 16 17 19 20 21 
3 5 7 9 7 8 5 6 5 7 15 15 18 18 12 21 21 14 20 19 17 23 22 23 22 24 
4 6 8 10 9 11 10 12 13 14 16 17 19 20 18 22 23 15 24 25 26 25 24 26 26 25 
31
2 1 1 1 2 2 3 3 4 4 6 8 9 10 11 11 12 13 13 14 15 16 17 18 19 20 
3 5 7 9 7 8 5 6 5 7 15 15 18 18 12 17 16 14 20 19 22 21 21 25 23 22 
4 6 8 10 9 11 10 12 13 14 16 17 19 20 21 22 23 24 25 26 23 26 25 26 24 24 
32
2 1 1 1 2 2 3 3 4 4 6 8 9 10 11 11 12 13 13 14 14 16 17 19 20 23 
3 5 7 9 7 8 5 6 5 7 15 15 18 20 12 17 16 15 20 19 22 21 18 21 22 24 
4 6 8 10 9 11 10 12 13 14 16 17 19 21 18 22 23 23 24 25 24 25 26 26 26 25 
33
2 1 1 1 2 2 3 3 4 4 6 8 9 10 11 11 12 13 13 14 14 16 17 19 20 22 
3 5 7 9 7 8 5 6 5 7 15 15 18 20 12 20 19 15 17 16 22 21 18 21 24 23 
4 6 8 10 9 11 10 12 13 14 16 17 19 21 18 22 23 23 24 25 24 26 26 25 26 25 
34
2 1 1 1 2 2 3 3 4 4 6 8 9 10 11 11 12 12 13 15 16 17 18 18 20 21 
3 5 7 9 7 8 5 6 5 7 15 17 15 17 13 19 14 23 14 23 25 24 20 22 21 22 
4 6 8 10 9 11 10 12 13 14 16 18 19 19 20 21 22 24 16 25 26 26 26 25 24 23 
35
2 1 1 1 2 2 3 3 4 4 6 8 9 10 11 11 12 12 13 14 16 18 18 19 20 21 
3 5 7 9 7 8 5 6 5 7 15 17 15 17 13 20 14 22 22 16 24 19 24 21 23 22 
4 6 8 10 9 11 10 12 13 14 16 18 19 20 17 21 15 23 24 25 26 26 25 23 26 25 
36
2 1 1 1 2 2 3 3 4 4 6 8 9 10 11 11 12 12 13 14 15 16 17 18 19 20 
3 5 7 9 7 8 5 6 5 7 15 17 15 17 13 19 14 20 16 18 22 21 24 23 21 22 
4 6 8 10 9 11 10 12 13 14 16 18 19 20 21 22 23 24 25 26 25 26 26 25 24 23 
37
2 1 1 1 2 2 3 3 4 4 6 8 9 10 11 11 12 12 13 14 16 17 18 18 20 21 
3 5 7 9 7 8 5 6 5 7 15 17 15 19 13 19 15 23 14 23 25 24 20 22 21 22 
4 6 8 10 9 11 10 12 13 14 16 18 19 20 17 21 22 24 16 25 26 26 26 25 24 23 
38
2 1 1 1 2 2 3 3 4 4 6 8 9 10 11 11 12 12 13 14 16 16 17 18 20 21 
3 5 7 9 7 8 5 6 5 7 15 17 15 19 13 21 15 19 14 21 20 23 22 25 22 23 
4 6 8 10 9 11 10 12 13 14 16 18 19 20 17 22 23 24 18 25 26 25 26 26 24 24 
39
2 1 1 1 2 2 3 3 4 4 6 8 9 10 11 11 12 12 13 14 14 16 17 18 20 23 
3 5 7 9 7 8 5 6 5 7 15 17 15 20 13 19 15 20 16 18 22 21 19 21 22 24 
4 6 8 10 9 11 10 12 13 14 16 18 19 21 17 22 23 24 23 25 24 25 26 26 26 25 
40
2 1 1 1 2 2 3 3 4 4 6 8 9 10 11 11 12 12 13 14 14 16 17 18 20 22 
3 5 7 9 7 8 5 6 5 7 15 17 15 20 13 20 15 19 18 16 22 21 19 21 24 23 
4 6 8 10 9 11 10 12 13 14 16 18 19 21 17 22 23 24 23 25 24 26 26 25 26 25 
41
2 1 1 1 2 2 3 3 4 4 6 8 9 10 11 11 12 12 13 14 14 16 17 18 18 22 
3 5 7 9 7 8 5 6 5 7 15 17 15 20 13 19 21 24 16 15 17 20 24 19 21 23 
4 6 8 10 9 11 10 12 13 14 16 18 19 21 20 22 23 25 24 22 25 26 26 23 26 25 
42
2 1 1 1 2 2 3 3 4 4 6 8 9 10 11 11 12 12 13 14 14 16 17 18 18 22 
3 5 7 9 7 8 5 6 5 7 15 17 15 20 13 21 19 24 17 15 16 20 25 19 21 23 
4 6 8 10 9 11 10 12 13 14 16 18 19 21 20 22 23 25 24 22 25 26 26 26 23 24 
43
2 1 1 1 2 2 3 3 4 4 6 8 9 10 11 11 12 12 13 14 14 15 16 17 18 19 
3 5 7 9 7 8 5 6 5 7 15 17 17 20 20 21 13 19 18 15 16 21 20 25 22 23 
4 6 8 10 9 11 10 12 13 14 16 18 19 21 22 23 24 25 26 23 22 25 26 26 24 24 
44
2 1 1 1 2 2 3 3 4 4 6 8 9 10 11 11 12 12 13 13 14 15 16 17 18 22 
3 5 7 9 7 8 5 6 5 7 15 17 19 19 17 19 15 22 14 21 20 18 21 25 20 23 
4 6 8 10 9 11 10 12 13 14 16 18 20 21 22 23 24 25 16 25 23 26 26 26 24 24 
45
2 1 1 1 2 2 3 3 4 4 6 8 9 10 11 11 12 12 13 13 14 15 16 17 18 22 
3 5 7 9 7 8 5 6 5 7 15 17 19 19 19 21 20 23 14 17 16 21 18 23 20 24 
4 6 8 10 9 11 10 12 13 14 16 18 20 21 22 23 24 25 15 25 22 26 24 26 26 25 
46
2 1 1 1 2 2 3 3 4 4 6 8 9 10 11 11 12 12 13 13 14 14 16 18 20 23 
3 5 7 9 7 8 5 6 5 7 15 17 19 21 17 22 15 20 17 18 15 16 21 19 22 24 
4 6 8 10 9 11 10 12 13 14 16 18 20 22 21 23 19 24 24 25 23 25 26 26 26 25 
47
2 1 1 1 2 2 3 3 4 4 6 8 9 10 11 11 12 12 13 13 14 14 16 17 18 23 
3 5 7 9 7 8 5 6 5 7 15 17 19 21 17 22 15 19 18 22 15 16 21 19 20 24 
4 6 8 10 9 11 10 12 13 14 16 18 20 22 21 23 24 25 24 25 23 20 26 26 26 25 
48
2 1 1 1 2 2 3 3 4 4 6 8 9 10 11 11 12 12 13 13 14 14 16 17 18 23 
3 5 7 9 7 8 5 6 5 7 15 17 19 21 19 22 19 20 15 18 15 16 21 20 22 24 
4 6 8 10 9 11 10 12 13 14 16 18 20 22 21 23 24 25 17 24 23 25 26 26 26 25 
49
2 1 1 1 2 2 3 3 4 4 6 8 9 10 11 11 12 12 13 13 14 14 16 17 18 23 
3 5 7 9 7 8 5 6 5 7 15 17 19 21 19 22 20 22 15 17 15 16 21 19 20 24 
4 6 8 10 9 11 10 12 13 14 16 18 20 22 21 23 24 25 24 25 23 18 26 26 26 25 
50
2 1 1 1 2 2 3 3 4 4 6 8 9 10 11 11 12 12 13 13 14 14 15 16 18 23 
3 5 7 9 7 8 5 6 5 7 15 17 19 21 21 22 19 20 17 18 15 16 17 21 19 24 
4 6 8 10 9 11 10 12 13 14 16 18 20 22 23 24 23 25 25 22 24 20 26 26 26 25 
51
2 1 1 1 2 2 3 3 4 4 6 8 9 10 11 11 12 12 13 13 14 14 15 16 17 18 
3 5 7 9 7 8 5 6 5 7 15 17 19 21 21 22 19 20 17 18 15 16 22 21 20 19 
4 6 8 10 9 11 10 12 13 14 16 18 20 22 23 24 25 26 26 25 24 23 25 26 23 24 
52
2 1 1 1 2 2 3 3 4 4 6 7 8 9 10 11 13 14 15 16 17 17 18 18 19 20 
3 5 7 9 7 8 5 6 5 11 10 15 14 13 12 12 21 23 20 19 23 24 21 22 21 22 
4 6 8 10 9 11 12 13 14 15 16 16 17 18 19 20 22 24 25 26 25 26 26 25 24 23 
53
2 1 1 1 2 2 3 3 4 4 6 7 8 9 10 11 12 13 14 15 17 18 18 19 19 20 
3 5 7 9 7 8 5 6 5 11 10 15 14 13 12 17 16 22 24 16 22 21 24 21 22 23 
4 6 8 10 9 11 12 13 14 15 16 17 18 19 20 20 21 23 25 26 24 25 26 23 26 25 
54
2 1 1 1 2 2 3 3 4 4 6 7 8 9 10 11 12 13 13 14 14 15 17 18 19 22 
3 5 7 9 7 8 5 6 5 11 10 15 18 20 12 17 16 20 21 18 19 16 24 21 20 23 
4 6 8 10 9 11 12 13 14 15 16 17 19 21 22 22 23 24 25 25 24 26 26 23 26 25 
55
2 1 1 1 2 2 3 3 4 4 6 7 8 9 10 11 12 13 13 14 14 15 16 17 18 19 
3 5 7 9 7 8 5 6 5 11 10 15 18 20 12 17 16 20 21 18 19 23 22 22 21 20 
4 6 8 10 9 11 12 13 14 15 16 17 19 21 22 23 24 25 26 26 25 24 25 26 23 24 
56
2 1 1 1 2 2 3 3 4 4 6 7 8 9 10 11 12 13 13 14 14 15 16 17 18 19 
3 5 7 9 7 8 5 6 5 11 10 15 18 20 12 22 23 20 21 18 19 16 17 22 21 20 
4 6 8 10 9 11 12 13 14 15 16 17 19 21 22 23 24 25 26 26 25 24 25 26 23 24 
57
2 1 1 1 2 2 3 3 4 4 6 7 8 9 10 11 12 12 13 13 14 14 15 16 19 20 
3 5 7 9 7 8 5 6 5 11 10 17 19 21 17 17 15 23 21 22 19 20 18 18 22 21 
4 6 8 10 9 11 12 13 14 15 16 18 20 22 23 24 16 24 25 26 26 25 25 26 23 24 
58
2 1 1 1 2 2 3 3 4 4 6 7 8 9 10 11 12 12 13 13 14 14 15 16 18 20 
3 5 7 9 7 8 5 6 5 11 10 17 19 21 17 17 15 23 21 22 19 20 18 23 19 21 
4 6 8 10 9 11 12 13 14 15 16 18 20 22 23 24 16 25 25 26 26 25 24 26 22 24 
59
2 1 1 1 2 2 3 3 4 4 6 7 8 9 10 11 12 12 13 13 14 14 15 16 19 20 
3 5 7 9 7 8 5 6 5 11 10 17 19 21 17 18 15 16 21 22 19 20 18 17 22 21 
4 6 8 10 9 11 12 13 14 15 16 18 20 22 23 24 24 23 25 26 26 25 25 26 23 24 
60
2 1 1 1 2 2 3 3 4 4 6 7 8 9 10 11 12 12 13 13 14 14 15 16 18 20 
3 5 7 9 7 8 5 6 5 11 10 17 19 21 17 23 15 23 21 22 19 20 16 17 19 21 
4 6 8 10 9 11 12 13 14 15 16 18 20 22 23 24 24 25 25 26 26 25 18 26 22 24 
61
2 1 1 1 2 2 3 3 4 4 6 7 8 9 10 11 13 14 15 16 17 17 18 18 19 20 
3 5 7 9 7 8 5 6 5 12 15 10 14 13 11 12 21 23 20 19 23 24 21 22 21 22 
4 6 8 10 9 11 12 13 14 15 16 16 17 18 19 20 22 24 25 26 25 26 26 25 24 23 
62
2 1 1 1 2 2 3 3 4 4 6 7 8 9 10 11 12 13 14 15 16 18 18 19 19 20 
3 5 7 9 7 8 5 6 5 12 15 10 14 13 11 17 16 22 24 17 22 21 24 21 22 23 
4 6 8 10 9 11 12 13 14 15 16 17 18 19 20 21 20 23 25 26 24 25 26 23 26 25 
63
2 1 1 1 2 2 3 3 4 4 6 7 8 9 10 11 12 13 13 14 14 15 16 18 19 22 
3 5 7 9 7 8 5 6 5 12 15 10 18 20 11 17 16 20 21 18 19 17 24 21 20 23 
4 6 8 10 9 11 12 13 14 15 16 17 19 21 22 23 22 24 25 25 24 26 26 23 26 25 
64
2 1 1 1 2 2 3 3 4 4 6 7 8 9 10 11 12 13 13 14 14 15 16 17 18 19 
3 5 7 9 7 8 5 6 5 12 15 10 18 20 11 17 16 20 21 18 19 23 22 22 21 20 
4 6 8 10 9 11 12 13 14 15 16 17 19 21 22 23 24 25 26 26 25 24 25 26 23 24 
65
2 1 1 1 2 2 3 3 4 4 6 7 8 9 10 11 12 13 13 14 14 15 16 16 18 19 
3 5 7 9 7 8 5 6 5 12 15 10 18 20 11 23 22 20 21 18 19 17 17 22 21 20 
4 6 8 10 9 11 12 13 14 15 16 17 19 21 22 24 23 25 26 26 25 24 25 26 23 24 
66
2 1 1 1 2 2 3 3 4 4 6 7 8 9 10 11 11 13 14 15 17 18 18 19 19 20 
3 5 7 9 7 8 5 6 5 12 16 10 14 13 17 12 15 22 24 16 22 21 24 21 22 23 
4 6 8 10 9 11 12 13 14 15 17 16 18 19 20 20 21 23 25 26 24 25 26 23 26 25 
67
2 1 1 1 2 2 3 3 4 4 6 7 8 9 10 11 11 13 13 14 14 15 17 18 19 22 
3 5 7 9 7 8 5 6 5 12 16 10 18 20 17 12 15 20 21 18 19 16 24 21 20 23 
4 6 8 10 9 11 12 13 14 15 17 16 19 21 22 22 23 24 25 25 24 26 26 23 26 25 
68
2 1 1 1 2 2 3 3 4 4 6 7 8 9 10 11 11 13 13 14 14 15 16 17 18 19 
3 5 7 9 7 8 5 6 5 12 16 10 18 20 17 12 15 20 21 18 19 23 22 23 21 20 
4 6 8 10 9 11 12 13 14 15 17 16 19 21 22 23 24 25 26 26 25 25 24 26 22 24 
69
2 1 1 1 2 2 3 3 4 4 6 7 8 9 10 11 11 13 13 14 14 15 15 17 18 19 
3 5 7 9 7 8 5 6 5 12 16 10 18 20 22 12 23 20 21 18 19 16 17 22 21 20 
4 6 8 10 9 11 12 13 14 15 17 16 19 21 23 22 24 25 26 26 25 24 25 26 23 24 
70
2 1 1 1 2 2 3 3 4 4 6 7 8 9 10 11 11 12 13 13 14 14 15 17 19 20 
3 5 7 9 7 8 5 6 5 12 16 10 19 21 16 15 23 16 21 22 19 20 17 18 22 21 
4 6 8 10 9 11 12 13 14 15 17 18 20 22 23 18 24 24 25 26 26 25 25 26 23 24 
71
2 1 1 1 2 2 3 3 4 4 6 7 8 9 10 11 11 12 13 13 14 14 15 17 18 20 
3 5 7 9 7 8 5 6 5 12 16 10 19 21 16 15 23 16 21 22 19 20 17 19 23 21 
4 6 8 10 9 11 12 13 14 15 17 18 20 22 23 18 24 25 24 26 26 24 25 22 26 25 
72
2 1 1 1 2 2 3 3 4 4 6 7 8 9 10 11 11 12 13 13 14 14 15 17 17 20 
3 5 7 9 7 8 5 6 5 12 16 10 19 21 16 15 24 16 21 22 19 20 24 18 19 21 
4 6 8 10 9 11 12 13 14 15 17 18 20 22 23 18 25 24 25 26 26 25 26 23 22 23 
73
2 1 1 1 2 2 3 3 4 4 6 7 8 9 10 11 11 12 13 13 14 14 15 16 19 20 
3 5 7 9 7 8 5 6 5 12 16 10 19 21 16 15 18 17 21 22 19 20 17 18 22 21 
4 6 8 10 9 11 12 13 14 15 17 18 20 22 23 24 23 24 25 26 26 25 25 26 23 24 
74
2 1 1 1 2 2 3 3 4 4 6 7 8 9 10 11 11 12 13 13 14 14 15 16 17 20 
3 5 7 9 7 8 5 6 5 12 16 10 19 21 16 15 23 23 21 22 19 20 17 18 19 21 
4 6 8 10 9 11 12 13 14 15 17 18 20 22 23 24 25 24 25 26 26 25 18 26 22 24 
75
2 1 1 1 2 2 3 3 4 4 6 7 8 9 10 11 11 12 13 13 14 14 15 15 17 20 
3 5 7 9 7 8 5 6 5 12 16 10 19 21 23 18 24 16 21 22 19 20 16 17 19 21 
4 6 8 10 9 11 12 13 14 15 17 18 20 22 24 23 25 24 25 26 26 25 26 18 22 23 
76
2 1 1 1 2 2 3 3 4 4 6 7 8 9 10 10 11 12 13 14 17 18 19 19 20 20 
3 5 7 9 7 8 5 6 5 15 15 15 14 13 11 17 16 16 23 25 23 24 21 22 21 22 
4 6 8 10 9 11 12 13 14 16 17 18 19 20 12 18 21 22 24 26 25 26 26 25 24 23 
77
2 1 1 1 2 2 3 3 4 4 6 7 8 9 10 10 11 12 13 14 16 17 19 19 20 20 
3 5 7 9 7 8 5 6 5 15 15 15 14 13 11 18 18 16 23 25 23 24 21 22 21 22 
4 6 8 10 9 11 12 13 14 16 17 18 19 20 12 21 22 17 24 26 25 26 26 25 24 23 
78
2 1 1 1 2 2 3 3 4 4 6 7 8 9 10 10 11 12 13 13 14 14 17 18 19 20 
3 5 7 9 7 8 5 6 5 15 15 15 19 21 11 17 16 16 21 22 19 20 24 23 22 21 
4 6 8 10 9 11 12 13 14 16 17 18 20 22 12 18 23 24 25 26 26 25 25 26 23 24 
79
2 1 1 1 2 2 3 3 4 4 6 7 8 9 10 10 11 12 13 13 14 14 16 17 19 20 
3 5 7 9 7 8 5 6 5 15 15 15 19 21 11 17 16 23 21 22 19 20 18 18 22 21 
4 6 8 10 9 11 12 13 14 16 17 18 20 22 12 23 24 24 25 26 26 25 25 26 23 24 
80
2 1 1 1 2 2 3 3 4 4 6 7 8 9 10 10 11 12 13 13 14 14 16 17 19 20 
3 5 7 9 7 8 5 6 5 15 15 15 19 21 11 18 18 16 21 22 19 20 24 23 22 21 
4 6 8 10 9 11 12 13 14 16 17 18 20 22 12 23 24 17 25 26 26 25 25 26 23 24 
81
2 1 1 1 2 2 3 3 4 4 6 7 8 9 10 10 11 12 13 13 14 14 16 17 19 20 
3 5 7 9 7 8 5 6 5 15 15 15 19 21 11 18 23 16 21 22 19 20 17 18 22 21 
4 6 8 10 9 11 12 13 14 16 17 18 20 22 12 23 24 24 25 26 26 25 25 26 23 24 
82
2 1 1 1 2 2 3 3 4 4 6 7 8 9 10 10 11 13 13 14 14 15 16 17 18 19 
3 5 7 9 7 8 5 6 5 15 15 16 18 20 11 12 12 20 21 18 19 23 22 22 21 20 
4 6 8 10 9 11 12 13 14 16 17 17 19 21 22 23 24 25 26 26 25 24 25 26 23 24 
83
2 1 1 1 2 2 3 3 4 4 6 7 8 9 10 10 11 13 13 14 14 15 16 17 18 19 
3 5 7 9 7 8 5 6 5 15 15 16 18 20 11 12 12 20 21 18 19 23 22 23 21 20 
4 6 8 10 9 11 12 13 14 16 17 17 19 21 22 23 24 25 26 26 25 25 24 26 22 24 
84
2 1 1 1 2 2 3 3 4 4 6 7 8 9 10 10 11 12 13 14 17 18 19 19 20 20 
3 5 7 9 7 8 5 6 5 15 15 16 14 13 11 12 16 15 23 25 23 24 21 22 21 22 
4 6 8 10 9 11 12 13 14 16 17 18 19 20 18 17 21 22 24 26 25 26 26 25 24 23 
85
2 1 1 1 2 2 3 3 4 4 6 7 8 9 10 10 11 12 13 13 14 14 17 18 19 20 
3 5 7 9 7 8 5 6 5 15 15 16 19 21 11 12 16 15 21 22 19 20 24 23 22 21 
4 6 8 10 9 11 12 13 14 16 17 18 20 22 18 17 23 24 25 26 26 25 25 26 23 24 
86
2 1 1 1 2 2 3 3 4 4 6 7 8 9 10 10 11 12 13 13 14 14 16 17 19 20 
3 5 7 9 7 8 5 6 5 15 15 16 19 21 11 12 23 15 21 22 19 20 17 18 22 21 
4 6 8 10 9 11 12 13 14 16 17 18 20 22 18 23 24 24 25 26 26 25 25 26 23 24 
87
2 1 1 1 2 2 3 3 4 4 6 7 8 9 10 10 11 12 13 13 14 14 16 17 18 20 
3 5 7 9 7 8 5 6 5 15 15 16 19 21 11 12 23 15 21 22 19 20 17 19 23 21 
4 6 8 10 9 11 12 13 14 16 17 18 20 22 18 23 24 25 24 26 26 24 25 22 26 25 
88
2 1 1 1 2 2 3 3 4 4 6 7 8 9 10 10 11 12 13 13 14 14 16 17 17 20 
3 5 7 9 7 8 5 6 5 15 15 16 19 21 11 12 24 15 21 22 19 20 24 18 19 21 
4 6 8 10 9 11 12 13 14 16 17 18 20 22 18 23 25 24 25 26 26 25 26 23 22 23 
89
2 1 1 1 2 2 3 3 4 4 6 7 8 9 10 10 11 12 13 13 14 14 15 17 19 20 
3 5 7 9 7 8 5 6 5 15 15 16 19 21 11 12 16 23 21 22 19 20 18 18 22 21 
4 6 8 10 9 11 12 13 14 16 17 18 20 22 23 17 24 24 25 26 26 25 25 26 23 24 
90
2 1 1 1 2 2 3 3 4 4 6 7 8 9 10 10 11 12 13 13 14 14 15 17 18 20 
3 5 7 9 7 8 5 6 5 15 15 16 19 21 11 12 16 23 21 22 19 20 18 23 19 21 
4 6 8 10 9 11 12 13 14 16 17 18 20 22 23 17 24 25 25 26 26 25 24 26 22 24 
91
2 1 1 1 2 2 3 3 4 4 6 7 8 9 10 10 11 12 13 13 14 14 15 17 18 20 
3 5 7 9 7 8 5 6 5 15 15 16 19 21 11 12 16 24 21 22 19 20 24 18 19 21 
4 6 8 10 9 11 12 13 14 16 17 18 20 22 23 17 24 25 25 26 26 25 26 23 22 23 
92
2 1 1 1 2 2 3 3 4 4 6 7 8 9 10 10 11 12 13 13 14 14 15 16 19 20 
3 5 7 9 7 8 5 6 5 15 15 16 19 21 11 12 18 17 21 22 19 20 18 17 22 21 
4 6 8 10 9 11 12 13 14 16 17 18 20 22 23 24 24 23 25 26 26 25 25 26 23 24 
93
2 1 1 1 2 2 3 3 4 4 6 7 8 9 10 10 11 12 13 13 14 14 15 16 18 20 
3 5 7 9 7 8 5 6 5 15 15 16 19 21 11 12 18 17 21 22 19 20 24 17 19 21 
4 6 8 10 9 11 12 13 14 16 17 18 20 22 23 24 24 25 25 26 26 25 26 23 22 23 
94
2 1 1 1 2 2 3 3 4 4 6 7 8 9 10 10 11 12 13 13 14 14 15 16 17 20 
3 5 7 9 7 8 5 6 5 15 15 16 19 21 11 12 18 17 21 22 19 20 18 23 19 21 
4 6 8 10 9 11 12 13 14 16 17 18 20 22 23 24 25 23 25 26 26 25 24 26 22 24 
95
2 1 1 1 2 2 3 3 4 4 6 7 8 9 10 10 11 12 13 13 14 14 15 16 17 18 
3 5 7 9 7 8 5 6 5 15 15 16 19 21 11 12 24 23 21 22 19 20 18 17 19 20 
4 6 8 10 9 11 12 13 14 16 17 18 20 22 23 24 25 26 25 26 26 25 24 23 22 21 
96
2 1 1 1 2 2 3 3 4 4 6 7 8 9 10 10 11 12 12 13 13 14 14 17 19 21 
3 5 7 9 7 8 5 6 5 15 15 18 20 22 11 17 16 15 16 22 23 20 21 18 20 22 
4 6 8 10 9 11 12 13 14 16 17 19 21 23 18 19 24 24 25 25 26 26 25 26 23 24 
97
2 1 1 1 2 2 3 3 4 4 6 7 8 9 10 10 11 12 12 13 13 14 14 16 17 21 
3 5 7 9 7 8 5 6 5 15 15 18 20 22 11 19 19 15 16 22 23 20 21 18 20 22 
4 6 8 10 9 11 12 13 14 16 17 19 21 23 18 24 25 24 17 25 26 26 25 26 23 24 
98
2 1 1 1 2 2 3 3 4 4 6 7 8 9 10 10 11 12 12 13 13 14 14 16 17 19 
3 5 7 9 7 8 5 6 5 15 15 18 20 22 11 19 24 15 16 22 23 20 21 17 20 21 
4 6 8 10 9 11 12 13 14 16 17 19 21 23 18 24 25 24 26 25 26 26 25 18 23 22 
99
2 1 1 1 2 2 3 3 4 4 6 7 8 9 10 10 11 12 12 13 13 14 14 15 19 21 
3 5 7 9 7 8 5 6 5 15 15 18 20 22 11 17 16 16 17 22 23 20 21 18 20 22 
4 6 8 10 9 11 12 13 14 16 17 19 21 23 24 18 19 24 25 25 26 26 25 26 23 24 
100
2 1 1 1 2 2 3 3 4 4 6 7 8 9 10 10 11 12 12 13 13 14 14 15 17 21 
3 5 7 9 7 8 5 6 5 15 15 18 20 22 11 17 16 16 20 19 22 19 20 18 24 23 
4 6 8 10 9 11 12 13 14 16 17 19 21 23 24 18 25 24 22 23 26 21 26 25 26 25 
101
2 1 1 1 2 2 3 3 4 4 6 7 8 9 10 10 11 11 13 14 16 18 19 19 20 20 
3 5 7 9 7 8 5 6 5 15 17 15 14 13 12 17 12 15 23 25 23 24 21 22 21 22 
4 6 8 10 9 11 12 13 14 16 18 17 19 20 18 21 16 22 24 26 25 26 26 25 24 23 
102
2 1 1 1 2 2 3 3 4 4 6 7 8 9 10 10 11 11 13 13 14 14 16 18 19 20 
3 5 7 9 7 8 5 6 5 15 17 15 19 21 12 17 12 15 21 22 19 20 24 23 22 21 
4 6 8 10 9 11 12 13 14 16 18 17 20 22 18 23 16 24 25 26 26 25 25 26 23 24 
103
2 1 1 1 2 2 3 3 4 4 6 7 8 9 10 10 11 11 13 13 14 14 16 16 19 20 
3 5 7 9 7 8 5 6 5 15 17 15 19 21 12 23 12 15 21 22 19 20 17 18 22 21 
4 6 8 10 9 11 12 13 14 16 18 17 20 22 18 24 23 24 25 26 26 25 25 26 23 24 
104
2 1 1 1 2 2 3 3 4 4 6 7 8 9 10 10 11 11 13 13 14 14 16 16 18 20 
3 5 7 9 7 8 5 6 5 15 17 15 19 21 12 23 12 15 21 22 19 20 17 19 23 21 
4 6 8 10 9 11 12 13 14 16 18 17 20 22 18 24 23 25 24 26 26 24 25 22 26 25 
105
2 1 1 1 2 2 3 3 4 4 6 7 8 9 10 10 11 11 13 13 14 14 16 16 17 20 
3 5 7 9 7 8 5 6 5 15 17 15 19 21 12 23 12 15 21 22 19 20 18 19 23 21 
4 6 8 10 9 11 12 13 14 16 18 17 20 22 18 24 25 23 24 26 26 24 25 22 26 25 
106
2 1 1 1 2 2 3 3 4 4 6 7 8 9 10 10 11 11 13 13 14 14 15 16 19 20 
3 5 7 9 7 8 5 6 5 15 17 15 19 21 12 18 12 16 21 22 19 20 18 17 22 21 
4 6 8 10 9 11 12 13 14 16 18 17 20 22 23 24 24 23 25 26 26 25 25 26 23 24 
107
2 1 1 1 2 2 3 3 4 4 6 7 8 9 10 10 11 11 13 13 14 14 15 16 18 20 
3 5 7 9 7 8 5 6 5 15 17 15 19 21 12 18 12 16 21 22 19 20 24 17 19 21 
4 6 8 10 9 11 12 13 14 16 18 17 20 22 23 24 24 25 25 26 26 25 26 23 22 23 
108
2 1 1 1 2 2 3 3 4 4 6 7 8 9 10 10 11 11 13 13 14 14 15 16 16 18 
3 5 7 9 7 8 5 6 5 15 17 15 19 21 12 24 12 23 21 22 19 20 18 17 19 20 
4 6 8 10 9 11 12 13 14 16 18 17 20 22 23 25 24 26 25 26 26 25 24 23 22 21 
109
2 1 1 1 2 2 3 3 4 4 6 7 8 9 10 10 11 11 12 13 13 14 14 17 18 21 
3 5 7 9 7 8 5 6 5 15 17 15 20 22 12 18 15 16 16 22 23 20 21 19 20 22 
4 6 8 10 9 11 12 13 14 16 18 19 21 23 17 19 24 25 24 25 26 26 25 26 23 24 
110
2 1 1 1 2 2 3 3 4 4 6 7 8 9 10 10 11 11 12 13 13 14 14 16 19 21 
3 5 7 9 7 8 5 6 5 15 17 15 20 22 12 18 15 16 18 22 23 20 21 17 20 22 
4 6 8 10 9 11 12 13 14 16 18 19 21 23 17 24 24 19 25 25 26 26 25 26 23 24 
111
2 1 1 1 2 2 3 3 4 4 6 7 8 9 10 10 11 11 12 13 13 14 14 16 18 19 
3 5 7 9 7 8 5 6 5 15 17 15 20 22 12 18 15 16 24 22 23 20 21 17 20 21 
4 6 8 10 9 11 12 13 14 16 18 19 21 23 17 24 24 25 26 25 26 26 25 19 23 22 
112
2 1 1 1 2 2 3 3 4 4 6 7 8 9 10 10 11 11 12 13 13 14 14 16 17 21 
3 5 7 9 7 8 5 6 5 15 17 15 20 22 12 18 15 16 18 22 23 20 21 20 19 22 
4 6 8 10 9 11 12 13 14 16 18 19 21 23 17 24 25 19 25 24 26 26 24 23 26 25 
113
2 1 1 1 2 2 3 3 4 4 6 7 8 9 10 10 11 11 12 13 13 14 14 16 18 21 
3 5 7 9 7 8 5 6 5 15 17 15 20 22 12 19 15 19 16 22 23 20 21 17 20 22 
4 6 8 10 9 11 12 13 14 16 18 19 21 23 17 24 24 25 18 25 26 26 25 26 23 24 
114
2 1 1 1 2 2 3 3 4 4 6 7 8 9 10 10 11 11 12 13 13 14 14 16 16 18 
3 5 7 9 7 8 5 6 5 15 17 15 20 22 12 24 15 19 18 22 23 20 21 17 20 21 
4 6 8 10 9 11 12 13 14 16 18 19 21 23 17 25 24 26 24 25 26 26 25 19 23 22 
115
2 1 1 1 2 2 3 3 4 4 6 7 8 9 10 10 11 11 12 13 13 14 14 15 18 21 
3 5 7 9 7 8 5 6 5 15 17 15 20 22 12 17 16 19 16 22 23 20 21 17 20 22 
4 6 8 10 9 11 12 13 14 16 18 19 21 23 24 19 24 25 18 25 26 26 25 26 23 24 
116
2 1 1 1 2 2 3 3 4 4 6 7 8 9 10 10 11 11 12 13 13 14 14 15 19 21 
3 5 7 9 7 8 5 6 5 15 17 15 20 22 12 17 16 20 16 18 22 18 20 17 24 23 
4 6 8 10 9 11 12 13 14 16 18 19 21 23 24 19 24 22 25 23 26 21 26 25 26 25 
117
2 1 1 1 2 2 3 3 4 4 6 7 8 9 10 10 11 11 12 13 13 14 14 15 17 21 
3 5 7 9 7 8 5 6 5 15 17 15 20 22 12 17 16 19 16 22 23 20 21 18 20 22 
4 6 8 10 9 11 12 13 14 16 18 19 21 23 24 19 25 24 18 25 26 26 25 26 23 24 
118
2 1 1 1 2 2 3 3 4 4 6 7 8 9 10 10 11 11 12 13 13 14 14 15 16 21 
3 5 7 9 7 8 5 6 5 15 17 15 20 22 12 19 19 20 16 18 22 18 20 17 24 23 
4 6 8 10 9 11 12 13 14 16 18 19 21 23 24 25 24 22 17 23 26 21 26 25 26 25 
119
2 1 1 1 2 2 3 3 4 4 6 7 8 9 10 10 11 11 12 12 13 14 16 18 18 20 
3 5 7 9 7 8 5 6 5 15 17 19 15 16 13 14 21 24 23 25 17 15 19 19 20 21 
4 6 8 10 9 11 12 13 14 16 18 20 21 22 22 23 22 25 24 26 26 17 25 26 23 24 
120
2 1 1 1 2 2 3 3 4 4 6 7 8 9 10 10 11 11 12 12 13 14 16 17 18 18 
3 5 7 9 7 8 5 6 5 15 17 19 15 16 13 14 21 25 22 24 17 15 19 20 20 23 
4 6 8 10 9 11 12 13 14 16 18 20 21 22 22 23 24 26 23 25 25 19 26 26 21 24 
121
2 1 1 1 2 2 3 3 4 4 6 7 8 9 10 10 11 11 12 12 13 14 16 18 18 20 
3 5 7 9 7 8 5 6 5 15 17 19 15 16 13 14 22 24 21 25 19 15 17 19 20 23 
4 6 8 10 9 11 12 13 14 16 18 20 21 22 22 23 23 25 24 26 25 17 26 26 21 24 
122
2 1 1 1 2 2 3 3 4 4 6 7 8 9 10 10 11 11 12 12 13 14 16 17 18 18 
3 5 7 9 7 8 5 6 5 15 17 19 15 16 13 14 23 25 21 24 19 15 17 20 20 21 
4 6 8 10 9 11 12 13 14 16 18 20 21 22 22 23 24 26 22 25 26 19 25 26 23 24 
123
2 1 1 1 2 2 3 3 4 4 6 7 8 9 10 10 11 11 12 12 13 14 15 18 18 20 
3 5 7 9 7 8 5 6 5 15 17 19 15 16 13 14 21 24 23 25 16 17 19 19 20 22 
4 6 8 10 9 11 12 13 14 16 18 20 21 22 23 21 22 25 24 26 17 26 25 26 23 24 
124
2 1 1 1 2 2 3 3 4 4 6 7 8 9 10 10 11 11 12 12 13 14 15 18 18 20 
3 5 7 9 7 8 5 6 5 15 17 19 15 16 13 14 21 24 22 25 16 19 17 19 20 23 
4 6 8 10 9 11 12 13 14 16 18 20 21 22 23 21 23 25 24 26 17 25 26 26 22 24 
125
2 1 1 1 2 2 3 3 4 4 6 7 8 9 10 10 11 11 12 12 13 14 15 17 18 18 
3 5 7 9 7 8 5 6 5 15 17 19 15 16 13 14 22 25 21 24 16 17 19 20 20 23 
4 6 8 10 9 11 12 13 14 16 18 20 21 22 23 21 24 26 23 25 19 25 26 26 22 24 
126
2 1 1 1 2 2 3 3 4 4 6 7 8 9 10 10 11 11 12 12 13 14 15 17 18 18 
3 5 7 9 7 8 5 6 5 15 17 19 15 16 13 14 23 25 21 24 16 19 17 20 20 22 
4 6 8 10 9 11 12 13 14 16 18 20 21 22 23 21 24 26 22 25 19 26 25 26 23 24 
127
2 1 1 1 2 2 3 3 4 4 6 7 8 9 10 10 11 11 12 12 13 14 15 16 17 18 
3 5 7 9 7 8 5 6 5 15 17 19 15 17 13 21 14 22 21 22 16 18 19 23 20 24 
4 6 8 10 9 11 12 13 14 16 18 20 21 22 23 24 25 26 23 25 19 20 24 26 26 25 
128
2 1 1 1 2 2 3 3 4 4 6 7 8 9 10 10 11 11 12 12 13 14 15 16 18 20 
3 5 7 9 7 8 5 6 5 15 17 19 15 19 13 21 21 22 14 22 16 18 17 23 19 24 
4 6 8 10 9 11 12 13 14 16 18 20 21 22 23 24 23 25 25 26 17 20 24 26 26 25 
129
2 1 1 1 2 2 3 3 4 4 6 7 8 9 10 10 11 11 12 12 13 14 14 16 17 18 
3 5 7 9 7 8 5 6 5 15 17 19 15 22 13 17 16 24 21 24 19 15 21 18 20 23 
4 6 8 10 9 11 12 13 14 16 18 20 21 23 22 24 25 26 22 25 23 19 26 20 26 25 
130
2 1 1 1 2 2 3 3 4 4 6 7 8 9 10 10 11 11 12 12 13 14 14 16 18 20 
3 5 7 9 7 8 5 6 5 15 17 19 15 22 13 19 21 24 16 24 17 15 21 18 19 23 
4 6 8 10 9 11 12 13 14 16 18 20 21 23 22 24 22 25 25 26 23 17 26 20 26 25 
131
2 1 1 1 2 2 3 3 4 4 6 7 8 9 10 10 11 11 12 12 13 14 14 16 18 18 
3 5 7 9 7 8 5 6 5 15 17 19 15 22 13 21 21 25 23 24 16 15 19 20 19 20 
4 6 8 10 9 11 12 13 14 16 18 20 21 23 22 24 22 26 25 26 17 17 26 25 24 23 
132
2 1 1 1 2 2 3 3 4 4 6 7 8 9 10 10 11 11 12 12 13 14 14 16 17 18 
3 5 7 9 7 8 5 6 5 15 17 19 15 22 13 21 23 24 21 25 16 15 17 18 20 20 
4 6 8 10 9 11 12 13 14 16 18 20 21 23 22 24 25 26 22 26 19 19 26 25 24 23 
133
2 1 1 1 2 2 3 3 4 4 6 7 8 9 10 10 11 11 12 12 13 14 14 15 16 16 
3 5 7 9 7 8 5 6 5 15 17 19 17 22 18 25 13 15 21 24 19 17 21 20 18 23 
4 6 8 10 9 11 12 13 14 16 18 20 21 23 24 26 22 25 22 25 23 19 26 26 20 24 
134
2 1 1 1 2 2 3 3 4 4 6 7 8 9 10 10 11 11 12 12 13 14 14 16 16 20 
3 5 7 9 7 8 5 6 5 15 17 19 17 22 21 24 13 19 18 24 15 15 21 18 19 23 
4 6 8 10 9 11 12 13 14 16 18 20 21 23 22 25 22 24 25 26 23 17 26 20 26 25 
135
2 1 1 1 2 2 3 3 4 4 6 7 8 9 10 10 11 11 12 12 13 14 14 16 16 18 
3 5 7 9 7 8 5 6 5 15 17 19 17 22 21 24 13 21 23 25 15 15 19 19 20 20 
4 6 8 10 9 11 12 13 14 16 18 20 21 23 22 25 22 26 24 26 18 17 25 26 23 24 
136
2 1 1 1 2 2 3 3 4 4 6 7 8 9 10 10 11 11 12 12 13 14 16 16 17 18 
3 5 7 9 7 8 5 6 5 15 17 19 19 20 21 23 23 24 13 14 15 15 17 18 20 21 
4 6 8 10 9 11 12 13 14 16 18 20 21 22 22 24 25 26 22 25 26 19 26 25 24 23 
137
2 1 1 1 2 2 3 3 4 4 6 7 8 9 10 10 11 11 12 12 13 14 16 16 17 18 
3 5 7 9 7 8 5 6 5 15 17 19 19 20 21 23 23 24 13 14 15 15 17 18 19 22 
4 6 8 10 9 11 12 13 14 16 18 20 21 22 22 24 25 26 25 21 20 26 26 25 24 23 
138
2 1 1 1 2 2 3 3 4 4 6 7 8 9 10 10 11 11 12 12 13 14 15 16 16 18 
3 5 7 9 7 8 5 6 5 15 17 19 19 20 21 24 22 25 13 14 15 17 19 17 18 23 
4 6 8 10 9 11 12 13 14 16 18 20 21 22 23 25 24 26 23 21 20 25 26 26 22 24 
139
2 1 1 1 2 2 3 3 4 4 6 7 8 9 10 10 11 11 12 12 13 14 15 16 16 18 
3 5 7 9 7 8 5 6 5 15 17 19 19 20 22 24 21 25 13 14 17 15 20 17 18 23 
4 6 8 10 9 11 12 13 14 16 18 20 21 22 23 25 24 26 22 23 25 19 26 26 21 24 
140
2 1 1 1 2 2 3 3 4 4 6 7 8 9 10 10 11 11 12 12 13 14 14 15 16 16 
3 5 7 9 7 8 5 6 5 15 17 19 19 22 20 25 21 24 13 15 17 17 21 18 18 23 
4 6 8 10 9 11 12 13 14 16 18 20 21 23 24 26 22 25 22 25 23 19 26 26 20 24 
141
2 1 1 1 2 2 3 3 4 4 6 7 8 9 10 10 11 11 12 12 13 14 14 16 16 18 
3 5 7 9 7 8 5 6 5 15 17 19 19 22 21 24 20 25 13 17 15 15 21 17 18 23 
4 6 8 10 9 11 12 13 14 16 18 20 21 23 22 25 24 26 22 25 23 19 26 26 20 24 
142
2 1 1 1 2 2 3 3 4 4 6 7 8 9 10 10 11 11 12 12 13 14 14 16 16 18 
3 5 7 9 7 8 5 6 5 15 17 19 19 22 21 24 23 25 13 21 15 15 17 17 18 20 
4 6 8 10 9 11 12 13 14 16 18 20 21 23 22 25 24 26 22 26 20 19 25 26 23 24 
143
2 1 1 1 2 2 3 3 4 4 6 7 8 9 10 10 11 11 12 12 13 14 14 15 16 16 
3 5 7 9 7 8 5 6 5 15 17 19 19 22 22 25 21 24 13 21 17 15 17 18 18 20 
4 6 8 10 9 11 12 13 14 16 18 20 21 23 24 26 23 25 23 26 20 25 19 26 22 24 
144
2 1 1 1 2 2 3 3 4 4 6 7 8 9 10 10 11 11 12 12 13 13 14 14 18 19 
3 5 7 9 7 8 5 6 5 15 17 19 21 23 17 18 15 16 15 16 23 24 21 22 21 22 
4 6 8 10 9 11 12 13 14 16 18 20 22 24 19 20 20 25 26 17 25 26 26 25 24 23 
145
2 1 1 1 2 2 3 3 4 4 6 7 8 9 10 10 11 11 12 12 13 13 14 14 16 22 
3 5 7 9 7 8 5 6 5 15 17 19 21 23 17 18 15 16 15 21 20 23 20 21 17 24 
4 6 8 10 9 11 12 13 14 16 18 20 22 24 19 25 25 19 18 23 24 26 22 26 26 25 
146
2 1 1 1 2 2 3 3 4 4 6 7 8 9 10 10 11 11 12 12 13 13 14 14 16 18 
3 5 7 9 7 8 5 6 5 15 17 19 21 23 17 20 15 19 15 16 23 24 21 22 21 22 
4 6 8 10 9 11 12 13 14 16 18 20 22 24 19 25 20 26 18 17 25 26 26 25 24 23 
147
2 1 1 1 2 2 3 3 4 4 6 7 8 9 10 10 11 11 12 12 13 13 14 14 16 22 
3 5 7 9 7 8 5 6 5 15 17 19 21 23 17 20 15 21 15 16 18 23 18 21 19 24 
4 6 8 10 9 11 12 13 14 16 18 20 22 24 19 25 20 23 25 17 24 26 22 26 26 25 
148
2 1 1 1 2 2 3 3 4 4 6 7 8 9 10 10 11 11 12 12 13 13 14 14 16 20 
3 5 7 9 7 8 5 6 5 15 17 19 21 23 17 18 15 16 22 24 15 19 19 20 17 23 
4 6 8 10 9 11 12 13 14 16 18 20 22 24 21 25 25 21 23 26 18 24 26 22 26 25 
149
2 1 1 1 2 2 3 3 4 4 6 7 8 9 10 10 11 11 12 12 13 13 14 14 16 18 
3 5 7 9 7 8 5 6 5 15 17 19 21 23 17 18 15 16 22 25 15 19 19 22 17 20 
4 6 8 10 9 11 12 13 14 16 18 20 22 24 21 25 25 26 23 26 23 24 21 26 20 24 
150
2 1 1 1 2 2 3 3 4 4 6 7 8 9 10 10 11 11 12 12 13 13 14 14 18 20 
3 5 7 9 7 8 5 6 5 15 17 19 21 23 17 19 15 21 16 23 15 17 16 19 22 24 
4 6 8 10 9 11 12 13 14 16 18 20 22 24 21 23 22 25 24 26 18 25 20 26 26 25 
151
2 1 1 1 2 2 3 3 4 4 6 7 8 9 10 10 11 11 12 12 13 13 14 14 16 20 
3 5 7 9 7 8 5 6 5 15 17 19 21 23 17 22 15 19 18 23 15 16 18 19 21 24 
4 6 8 10 9 11 12 13 14 16 18 20 22 24 21 25 22 23 24 26 25 17 20 26 26 25 
152
2 1 1 1 2 2 3 3 4 4 6 7 8 9 10 10 11 11 12 12 13 13 14 14 16 18 
3 5 7 9 7 8 5 6 5 15 17 19 21 23 17 18 15 16 21 25 19 24 15 19 17 20 
4 6 8 10 9 11 12 13 14 16 18 20 22 24 23 25 25 26 24 26 23 26 21 22 20 22 
153
2 1 1 1 2 2 3 3 4 4 6 7 8 9 10 10 11 11 12 12 13 13 14 14 15 16 
3 5 7 9 7 8 5 6 5 15 17 19 21 23 17 21 15 23 22 25 16 19 18 19 18 17 
4 6 8 10 9 11 12 13 14 16 18 20 22 24 25 26 26 25 24 26 24 23 22 21 20 20 
154
2 1 1 1 2 2 3 3 4 4 6 7 8 9 10 10 11 11 12 12 13 13 14 14 15 16 
3 5 7 9 7 8 5 6 5 15 17 19 21 23 17 23 15 21 22 25 18 19 16 19 18 17 
4 6 8 10 9 11 12 13 14 16 18 20 22 24 25 26 26 25 24 26 24 23 22 21 20 20 
155
2 1 1 1 2 2 3 3 4 4 6 7 8 9 10 10 11 11 12 12 13 13 14 14 16 18 
3 5 7 9 7 8 5 6 5 15 17 19 21 23 19 20 22 24 15 16 15 17 17 18 19 23 
4 6 8 10 9 11 12 13 14 16 18 20 22 24 21 25 23 26 25 21 20 24 26 22 26 25 
156
2 1 1 1 2 2 3 3 4 4 6 7 8 9 10 10 11 11 12 12 13 13 14 14 16 18 
3 5 7 9 7 8 5 6 5 15 17 19 21 23 19 20 22 25 15 16 15 17 17 22 18 20 
4 6 8 10 9 11 12 13 14 16 18 20 22 24 21 25 23 26 25 26 23 24 21 26 19 24 
157
2 1 1 1 2 2 3 3 4 4 6 7 8 9 10 10 11 11 12 12 13 13 14 14 16 18 
3 5 7 9 7 8 5 6 5 15 17 19 21 23 19 22 20 24 15 17 15 16 17 18 21 23 
4 6 8 10 9 11 12 13 14 16 18 20 22 24 21 25 23 26 22 24 25 19 26 20 26 25 
158
2 1 1 1 2 2 3 3 4 4 6 7 8 9 10 10 11 11 12 12 13 13 14 14 16 18 
3 5 7 9 7 8 5 6 5 15 17 19 21 23 19 20 21 22 15 16 17 18 15 17 19 21 
4 6 8 10 9 11 12 13 14 16 18 20 22 24 23 25 24 26 25 23 26 24 20 22 26 25 
159
2 1 1 1 2 2 3 3 4 4 6 7 8 9 10 10 11 11 12 12 13 13 14 14 16 18 
3 5 7 9 7 8 5 6 5 15 17 19 21 23 19 20 21 25 15 16 17 24 15 17 18 20 
4 6 8 10 9 11 12 13 14 16 18 20 22 24 23 25 24 26 25 26 23 26 21 22 19 22 
160
2 1 1 1 2 2 3 3 4 4 6 7 8 9 10 10 11 11 12 12 13 13 14 14 16 18 
3 5 7 9 7 8 5 6 5 15 17 19 21 23 19 24 20 22 15 17 17 18 15 16 23 21 
4 6 8 10 9 11 12 13 14 16 18 20 22 24 23 25 21 26 24 22 26 20 25 19 26 25 
161
2 1 1 1 2 2 3 3 4 4 6 7 8 9 10 10 11 11 12 12 13 13 14 14 15 16 
3 5 7 9 7 8 5 6 5 15 17 19 21 23 19 20 21 25 15 16 17 19 17 21 18 18 
4 6 8 10 9 11 12 13 14 16 18 20 22 24 25 26 23 26 22 25 24 23 22 26 20 24 
162
2 1 1 1 2 2 3 3 4 4 6 7 8 9 10 10 11 11 12 12 13 13 14 14 15 16 
3 5 7 9 7 8 5 6 5 15 17 19 21 23 19 20 21 25 15 16 17 23 17 19 18 18 
4 6 8 10 9 11 12 13 14 16 18 20 22 24 25 26 23 26 24 25 24 26 22 21 20 22 
163
2 1 1 1 2 2 3 3 4 4 6 6 8 9 10 11 12 13 14 15 16 16 17 19 20 23 
3 5 7 9 7 11 5 11 5 7 8 13 12 17 18 21 14 15 21 22 19 20 18 22 21 24 
4 6 8 10 9 12 10 13 14 15 16 17 18 19 20 22 23 23 24 25 25 24 26 26 26 25 
164
2 1 1 1 2 2 3 3 4 4 6 6 8 9 10 11 12 13 14 15 15 16 17 19 20 21 
3 5 7 9 7 11 5 11 5 7 8 13 12 17 20 18 14 16 18 22 23 20 21 25 23 22 
4 6 8 10 9 12 10 13 14 15 16 17 18 19 21 22 23 19 24 25 26 26 25 26 24 24 
165
2 1 1 1 2 2 3 3 4 4 6 6 8 9 10 11 12 13 14 15 15 16 17 19 20 21 
3 5 7 9 7 11 5 11 5 7 8 13 12 17 20 20 14 19 18 16 22 21 18 22 24 23 
4 6 8 10 9 12 10 13 14 15 16 17 18 19 21 22 23 23 24 25 26 24 26 25 26 25 
166
2 1 1 1 2 2 3 3 4 4 6 6 8 9 10 11 12 13 14 15 17 18 18 19 20 21 
3 5 7 9 7 11 5 11 5 7 8 14 15 12 13 17 16 22 22 16 24 19 24 21 23 22 
4 6 8 10 9 12 10 13 14 15 16 17 18 19 20 20 21 23 24 25 26 26 25 23 26 25 
167
2 1 1 1 2 2 3 3 4 4 6 6 8 9 10 11 12 13 14 15 15 16 17 18 20 21 
3 5 7 9 7 11 5 11 5 7 8 14 17 12 20 19 13 19 16 22 23 20 21 25 23 22 
4 6 8 10 9 12 10 13 14 15 16 17 18 19 21 22 23 24 18 25 26 26 25 26 24 24 
168
2 1 1 1 2 2 3 3 4 4 6 6 8 9 10 11 12 13 15 16 17 17 18 19 19 20 
3 5 7 9 7 11 5 11 5 7 8 15 14 13 12 14 21 20 24 18 23 25 21 21 22 22 
4 6 8 10 9 12 10 13 14 15 16 17 18 16 19 20 22 23 25 26 24 26 25 26 23 24 
169
2 1 1 1 2 2 3 3 4 4 6 6 8 9 10 11 12 13 14 15 17 18 18 19 19 20 
3 5 7 9 7 11 5 11 5 7 8 15 14 13 12 17 16 22 24 16 22 21 24 21 22 23 
4 6 8 10 9 12 10 13 14 15 16 17 18 19 20 20 21 23 25 26 24 25 26 23 26 25 
170
2 1 1 1 2 2 3 3 4 4 6 6 8 9 10 11 12 13 13 15 17 17 18 19 20 20 
3 5 7 9 7 11 5 11 5 7 8 15 18 16 12 14 21 14 16 25 23 24 21 22 21 22 
4 6 8 10 9 12 10 13 14 15 16 17 19 18 20 19 22 23 24 26 25 26 26 25 24 23 
171
2 1 1 1 2 2 3 3 4 4 6 6 8 9 10 11 12 13 13 14 14 15 16 17 18 19 
3 5 7 9 7 11 5 11 5 7 8 15 18 20 12 17 16 20 21 18 19 23 22 22 21 20 
4 6 8 10 9 12 10 13 14 15 16 17 19 21 22 23 24 25 26 26 25 24 25 26 23 24 
172
2 1 1 1 2 2 3 3 4 4 6 6 8 9 10 11 12 13 13 14 14 15 16 17 18 19 
3 5 7 9 7 11 5 11 5 7 8 15 18 20 12 22 23 20 21 18 19 16 17 22 21 20 
4 6 8 10 9 12 10 13 14 15 16 17 19 21 22 23 24 25 26 26 25 24 25 26 23 24 
173
2 1 1 1 2 2 3 3 4 4 6 6 8 9 10 11 12 12 13 14 14 15 18 18 19 21 
3 5 7 9 7 11 5 11 5 7 8 17 17 20 20 17 13 23 23 15 25 24 19 22 21 22 
4 6 8 10 9 12 10 13 14 15 16 18 19 21 22 20 16 24 25 16 26 26 26 25 24 23 
174
2 1 1 1 2 2 3 3 4 4 6 6 8 9 10 11 12 12 13 14 14 15 15 16 18 19 
3 5 7 9 7 11 5 11 5 7 8 17 17 20 22 20 13 23 20 16 24 17 18 21 22 21 
4 6 8 10 9 12 10 13 14 15 16 18 19 21 23 24 22 25 26 19 26 25 24 23 26 25 
175
2 1 1 1 2 2 3 3 4 4 6 6 8 9 10 11 12 12 13 13 15 15 16 17 18 19 
3 5 7 9 7 11 5 11 5 7 8 17 19 16 21 14 21 22 14 23 17 18 20 20 21 23 
4 6 8 10 9 12 10 13 14 15 16 18 20 19 22 23 24 25 26 24 25 24 26 22 26 25 
176
2 1 1 1 2 2 3 3 4 4 6 6 8 9 10 11 12 12 13 13 14 15 15 17 18 19 
3 5 7 9 7 11 5 11 5 7 8 17 19 16 22 14 22 23 16 21 20 17 18 20 22 21 
4 6 8 10 9 12 10 13 14 15 16 18 20 21 23 19 24 25 26 24 26 25 24 23 26 25 
177
2 1 1 1 2 2 3 3 4 4 6 6 8 9 10 11 12 12 13 13 14 15 18 18 20 20 
3 5 7 9 7 11 5 11 5 7 8 17 19 17 19 17 14 23 15 25 23 24 21 22 21 22 
4 6 8 10 9 12 10 13 14 15 16 18 20 21 22 19 16 24 16 26 25 26 26 25 24 23 
178
2 1 1 1 2 2 3 3 4 4 6 6 8 9 10 11 12 12 13 13 14 15 15 18 20 21 
3 5 7 9 7 11 5 11 5 7 8 17 19 17 22 17 14 22 16 23 19 18 20 23 22 24 
4 6 8 10 9 12 10 13 14 15 16 18 20 21 23 19 16 24 21 25 26 25 24 26 26 25 
179
2 1 1 1 2 2 3 3 4 4 6 6 8 9 10 11 12 12 13 13 14 15 15 18 19 20 
3 5 7 9 7 11 5 11 5 7 8 17 19 17 22 17 14 22 21 23 19 16 20 25 23 21 
4 6 8 10 9 12 10 13 14 15 16 18 20 21 23 22 16 24 25 26 26 18 25 26 24 24 
180
2 1 1 1 2 2 3 3 4 4 6 6 8 9 10 11 12 12 13 13 14 15 15 16 18 19 
3 5 7 9 7 11 5 11 5 7 8 17 19 17 22 22 14 22 17 21 20 16 24 20 23 21 
4 6 8 10 9 12 10 13 14 15 16 18 20 21 23 24 19 25 26 24 26 18 25 23 26 25 
181
2 1 1 1 2 2 3 3 4 4 6 6 8 9 10 11 12 12 13 13 14 15 15 16 17 18 
3 5 7 9 7 11 5 11 5 7 8 17 19 19 22 19 22 23 14 21 20 17 18 21 20 22 
4 6 8 10 9 12 10 13 14 15 16 18 20 21 23 24 25 26 16 25 24 26 25 26 23 24 
182
2 1 1 1 2 2 3 3 4 4 6 6 8 9 10 11 12 12 13 13 14 15 15 16 17 18 
3 5 7 9 7 11 5 11 5 7 8 17 19 19 22 21 22 23 14 21 16 17 18 19 20 22 
4 6 8 10 9 12 10 13 14 15 16 18 20 21 23 24 25 26 24 25 20 26 25 26 23 24 
183
2 1 1 1 2 2 3 3 4 4 6 6 8 9 10 11 12 12 13 13 14 14 15 15 18 20 
3 5 7 9 7 11 5 11 5 7 8 17 19 21 23 17 16 24 16 22 19 20 17 18 23 21 
4 6 8 10 9 12 10 13 14 15 16 18 20 22 24 19 23 25 21 26 26 24 25 22 26 25 
184
2 1 1 1 2 2 3 3 4 4 6 6 8 9 10 11 12 12 13 13 14 14 15 15 18 19 
3 5 7 9 7 11 5 11 5 7 8 17 19 21 23 17 16 24 21 22 16 20 17 18 23 22 
4 6 8 10 9 12 10 13 14 15 16 18 20 22 24 21 23 25 26 24 19 26 25 20 26 25 
185
2 1 1 1 2 2 3 3 4 4 6 6 8 9 10 11 12 12 13 13 14 14 15 15 18 20 
3 5 7 9 7 11 5 11 5 7 8 17 19 21 23 21 19 23 17 21 16 19 16 17 24 22 
4 6 8 10 9 12 10 13 14 15 16 18 20 22 24 23 24 25 22 26 20 26 18 25 26 25 
186
2 1 1 1 2 2 3 3 4 4 6 6 8 8 11 12 13 14 15 16 17 18 19 19 20 20 
3 5 7 9 7 11 5 13 5 7 10 14 9 12 16 15 18 17 23 25 23 24 21 22 21 22 
4 6 8 10 9 12 10 14 13 11 15 16 17 18 19 20 21 22 24 26 25 26 26 25 24 23 
187
2 1 1 1 2 2 3 3 4 4 6 6 8 8 11 12 12 13 14 15 17 18 18 19 19 20 
3 5 7 9 7 11 5 13 5 7 10 16 9 16 16 14 20 22 24 17 22 21 24 21 22 23 
4 6 8 10 9 12 10 14 13 11 15 17 18 19 20 15 21 23 25 26 24 25 26 23 26 25 
188
2 1 1 1 2 2 3 3 4 4 6 6 8 8 11 12 12 13 14 15 17 17 18 19 20 20 
3 5 7 9 7 11 5 13 5 7 10 16 9 16 16 14 21 19 18 25 23 24 21 22 21 22 
4 6 8 10 9 12 10 14 13 11 15 17 18 19 20 15 22 23 24 26 25 26 26 25 24 23 
189
2 1 1 1 2 2 3 3 4 4 6 6 8 8 11 12 12 13 14 15 16 17 18 19 20 21 
3 5 7 9 7 11 5 13 5 7 10 16 9 16 17 14 15 19 18 23 25 24 20 22 21 22 
4 6 8 10 9 12 10 14 13 11 15 17 18 19 20 21 22 23 24 25 26 26 26 25 24 23 
190
2 1 1 1 2 2 3 3 4 4 6 6 8 8 11 12 12 13 14 15 16 17 18 19 20 21 
3 5 7 9 7 11 5 13 5 7 10 16 9 16 17 14 15 19 18 24 25 23 22 20 21 22 
4 6 8 10 9 12 10 14 13 11 15 17 18 19 20 21 22 23 24 25 26 26 25 26 23 24 
191
2 1 1 1 2 2 3 3 4 4 6 6 8 8 11 12 12 13 14 14 15 17 17 18 20 21 
3 5 7 9 7 11 5 13 5 7 10 16 9 19 16 15 22 19 16 22 25 20 24 23 21 22 
4 6 8 10 9 12 10 14 13 11 15 17 18 20 21 19 23 24 18 25 26 26 25 26 23 24 
192
2 1 1 1 2 2 3 3 4 4 6 6 8 8 11 12 12 13 14 14 15 17 17 19 20 21 
3 5 7 9 7 11 5 13 5 7 10 16 9 19 16 15 22 20 16 18 25 18 24 23 21 22 
4 6 8 10 9 12 10 14 13 11 15 17 18 20 21 19 23 22 24 25 26 26 25 26 23 24 
193
2 1 1 1 2 2 3 3 4 4 6 6 8 8 11 12 12 13 14 14 15 16 17 18 19 22 
3 5 7 9 7 11 5 13 5 7 10 16 9 19 16 15 19 20 17 18 24 20 24 21 21 23 
4 6 8 10 9 12 10 14 13 11 15 17 18 20 21 22 23 24 25 22 25 26 26 23 26 25 
194
2 1 1 1 2 2 3 3 4 4 6 6 8 8 10 11 12 13 14 16 17 18 18 19 19 20 
3 5 7 9 7 11 5 13 5 7 14 15 9 11 12 15 20 22 24 17 22 21 24 21 22 23 
4 6 8 10 9 12 10 14 13 15 16 17 18 19 16 20 21 23 25 26 24 25 26 23 26 25 
195
2 1 1 1 2 2 3 3 4 4 6 6 8 8 10 11 12 13 14 16 17 17 18 19 20 20 
3 5 7 9 7 11 5 13 5 7 14 15 9 11 12 15 21 19 18 25 23 24 21 22 21 22 
4 6 8 10 9 12 10 14 13 15 16 17 18 19 16 20 22 23 24 26 25 26 26 25 24 23 
196
2 1 1 1 2 2 3 3 4 4 6 6 8 8 10 11 12 13 14 15 17 18 18 19 19 20 
3 5 7 9 7 11 5 13 5 7 14 15 9 11 12 17 16 22 24 16 22 21 24 21 22 23 
4 6 8 10 9 12 10 14 13 15 16 17 18 19 20 20 21 23 25 26 24 25 26 23 26 25 
197
2 1 1 1 2 2 3 3 4 4 6 6 8 8 10 11 12 12 13 14 17 18 19 19 20 20 
3 5 7 9 7 11 5 13 5 7 14 17 9 11 16 15 15 16 23 25 23 24 21 22 21 22 
4 6 8 10 9 12 10 14 13 15 16 18 19 20 17 18 21 22 24 26 25 26 26 25 24 23 
198
2 1 1 1 2 2 3 3 4 4 6 6 8 8 10 11 12 12 13 14 15 15 16 17 18 19 
3 5 7 9 7 11 5 13 5 7 14 17 9 11 21 19 21 22 16 23 17 18 20 22 21 20 
4 6 8 10 9 12 10 14 13 15 16 18 19 20 22 23 24 25 26 26 25 24 24 23 26 25 
199
2 1 1 1 2 2 3 3 4 4 6 6 8 8 10 11 12 12 13 14 15 15 16 16 17 18 
3 5 7 9 7 11 5 13 5 7 14 17 9 11 21 23 21 22 20 19 17 18 19 20 22 21 
4 6 8 10 9 12 10 14 13 15 16 18 19 20 22 24 25 26 23 24 26 25 25 26 23 24 
200
2 1 1 1 2 2 3 3 4 4 6 6 8 8 10 11 12 12 13 14 17 18 18 19 20 21 
3 5 7 9 7 11 5 13 5 7 15 17 9 16 11 14 15 22 16 22 25 20 24 23 21 22 
4 6 8 10 9 12 10 14 13 15 16 18 19 20 17 19 21 23 24 25 26 26 25 26 23 24 
201
2 1 1 1 2 2 3 3 4 4 6 6 8 8 10 11 12 12 13 14 16 17 18 18 20 21 
3 5 7 9 7 11 5 13 5 7 15 17 9 16 11 14 15 23 20 19 24 25 19 21 22 22 
4 6 8 10 9 12 10 14 13 15 16 18 19 20 17 21 22 24 23 25 26 26 26 25 24 23 
202
2 1 1 1 2 2 3 3 4 4 6 6 8 8 10 11 12 12 13 14 15 18 18 19 20 21 
3 5 7 9 7 11 5 13 5 7 15 17 9 16 11 14 16 22 22 23 17 19 20 23 22 24 
4 6 8 10 9 12 10 14 13 15 16 18 19 20 21 17 21 23 24 25 26 25 24 26 26 25 
203
2 1 1 1 2 2 3 3 4 4 6 6 8 8 10 11 12 12 13 14 15 17 17 18 18 19 
3 5 7 9 7 11 5 13 5 7 15 17 9 16 11 14 22 24 16 22 23 20 21 21 23 20 
4 6 8 10 9 12 10 14 13 15 16 18 19 20 21 19 23 25 26 26 24 24 25 22 26 25 
204
2 1 1 1 2 2 3 3 4 4 6 6 8 8 10 11 12 12 13 14 15 16 17 17 18 18 
3 5 7 9 7 11 5 13 5 7 15 17 9 16 11 14 23 25 20 19 24 19 20 21 21 22 
4 6 8 10 9 12 10 14 13 15 16 18 19 20 21 22 24 26 22 23 25 26 25 26 23 24 
205
2 1 1 1 2 2 3 3 4 4 6 6 8 8 10 11 12 12 13 14 16 16 18 19 20 21 
3 5 7 9 7 11 5 13 5 7 15 17 9 17 11 21 14 15 17 21 20 24 25 22 22 23 
4 6 8 10 9 12 10 14 13 15 16 18 19 20 18 22 19 23 24 25 26 25 26 26 23 24 
206
2 1 1 1 2 2 3 3 4 4 6 6 8 8 10 11 12 12 13 14 16 16 17 18 20 21 
3 5 7 9 7 11 5 13 5 7 15 17 9 17 11 21 14 15 20 19 19 23 22 25 22 23 
4 6 8 10 9 12 10 14 13 15 16 18 19 20 18 22 23 24 21 25 26 25 26 26 24 24 
207
2 1 1 1 2 2 3 3 4 4 6 6 8 8 10 11 12 12 13 14 16 16 17 18 19 21 
3 5 7 9 7 11 5 13 5 7 15 17 9 17 11 21 14 15 20 19 20 23 22 25 22 23 
4 6 8 10 9 12 10 14 13 15 16 18 19 20 18 22 23 24 25 21 26 25 26 26 24 24 
208
2 1 1 1 2 2 3 3 4 4 6 6 8 8 10 11 12 12 13 14 15 16 16 18 19 21 
3 5 7 9 7 11 5 13 5 7 15 17 9 17 11 22 14 22 17 23 24 18 20 21 20 22 
4 6 8 10 9 12 10 14 13 15 16 18 19 20 21 23 19 24 25 25 26 26 24 23 26 25 
209
2 1 1 1 2 2 3 3 4 4 6 6 8 8 10 11 12 12 13 14 15 16 16 17 18 21 
3 5 7 9 7 11 5 13 5 7 15 17 9 17 11 22 14 22 20 19 25 18 20 19 21 22 
4 6 8 10 9 12 10 14 13 15 16 18 19 20 21 23 24 25 24 23 26 26 25 26 23 24 
210
2 1 1 1 2 2 3 3 4 4 6 6 8 8 10 11 12 12 13 14 15 16 16 17 18 20 
3 5 7 9 7 11 5 13 5 7 15 17 9 17 11 22 14 22 20 19 25 18 24 19 21 21 
4 6 8 10 9 12 10 14 13 15 16 18 19 20 21 23 24 25 24 26 26 26 25 23 23 22 
211
2 1 1 1 2 2 3 3 4 4 6 6 8 8 10 11 12 12 13 14 14 16 17 18 19 21 
3 5 7 9 7 11 5 13 5 7 15 17 9 20 11 20 15 21 20 16 18 24 25 22 23 22 
4 6 8 10 9 12 10 14 13 15 16 18 19 21 17 22 23 24 25 19 26 26 26 25 24 23 
212
2 1 1 1 2 2 3 3 4 4 6 6 8 8 10 11 12 12 13 14 14 16 17 18 19 20 
3 5 7 9 7 11 5 13 5 7 15 17 9 20 11 20 15 21 21 16 18 24 25 22 22 23 
4 6 8 10 9 12 10 14 13 15 16 18 19 21 17 22 23 24 25 26 19 25 26 26 23 24 
213
2 1 1 1 2 2 3 3 4 4 6 6 8 8 10 11 12 12 13 14 14 15 16 17 18 19 
3 5 7 9 7 11 5 13 5 7 15 17 9 20 11 20 21 23 20 16 17 24 18 22 22 21 
4 6 8 10 9 12 10 14 13 15 16 18 19 21 22 23 24 25 26 19 26 25 24 23 26 25 
214
2 1 1 1 2 2 3 3 4 4 6 6 8 8 10 11 12 12 13 14 14 15 16 17 18 19 
3 5 7 9 7 11 5 13 5 7 15 17 9 20 11 20 21 23 21 16 17 24 18 22 22 20 
4 6 8 10 9 12 10 14 13 15 16 18 19 21 22 23 24 25 26 26 19 25 24 23 26 25 
215
2 1 1 1 2 2 3 3 4 4 6 6 8 8 10 11 11 12 12 13 14 17 19 19 20 21 
3 5 7 9 7 11 5 13 5 7 16 18 9 16 17 14 15 15 23 23 24 25 20 21 22 22 
4 6 8 10 9 12 10 14 13 15 17 19 20 21 18 18 22 16 24 25 26 26 26 25 24 23 
216
2 1 1 1 2 2 3 3 4 4 6 6 8 8 10 11 11 12 12 13 14 15 15 17 18 19 
3 5 7 9 7 11 5 13 5 7 16 18 9 16 22 14 21 22 23 16 17 18 19 20 21 22 
4 6 8 10 9 12 10 14 13 15 17 19 20 21 23 20 24 25 26 24 25 26 25 26 23 24 
217
2 1 1 1 2 2 3 3 4 4 6 6 8 8 10 11 11 12 12 13 14 15 15 16 18 19 
3 5 7 9 7 11 5 13 5 7 16 18 9 16 22 14 20 22 23 17 17 18 19 20 21 22 
4 6 8 10 9 12 10 14 13 15 17 19 20 21 23 24 21 25 26 24 25 26 25 26 23 24 
218
2 1 1 1 2 2 3 3 4 4 6 6 8 8 9 10 12 12 14 14 15 15 16 17 18 20 
3 5 7 9 7 11 5 13 5 7 13 17 11 19 21 11 13 23 21 22 19 20 18 23 19 21 
4 6 8 10 9 12 10 14 15 16 16 18 17 20 22 23 24 25 25 26 26 25 24 26 22 24 
219
2 1 1 1 2 2 3 3 4 4 6 6 8 8 9 10 12 12 13 14 15 16 17 17 18 18 
3 5 7 9 7 11 5 13 5 7 13 17 11 15 14 11 23 25 20 19 19 24 20 22 21 22 
4 6 8 10 9 12 10 14 15 16 16 18 19 20 21 22 24 26 21 23 25 26 26 25 24 23 
220
2 1 1 1 2 2 3 3 4 4 6 6 8 8 9 10 12 12 13 14 14 16 17 17 18 18 
3 5 7 9 7 11 5 13 5 7 13 17 11 20 19 11 23 25 15 15 19 24 20 22 21 22 
4 6 8 10 9 12 10 14 15 16 16 18 19 21 20 22 24 26 21 23 25 26 26 25 24 23 
221
2 1 1 1 2 2 3 3 4 4 6 6 8 8 9 10 12 12 13 14 14 15 15 17 18 21 
3 5 7 9 7 11 5 13 5 7 13 17 11 20 22 11 16 19 18 22 23 20 21 19 20 22 
4 6 8 10 9 12 10 14 15 16 16 18 19 21 23 17 24 25 24 25 26 26 25 26 23 24 
222
2 1 1 1 2 2 3 3 4 4 6 6 8 8 9 10 11 12 13 14 15 15 16 16 21 22 
3 5 7 9 7 11 5 13 5 7 13 14 11 12 21 23 18 17 20 19 19 20 17 18 23 24 
4 6 8 10 9 12 10 14 15 16 17 18 19 20 22 24 23 24 21 22 25 26 25 26 26 25 
223
2 1 1 1 2 2 3 3 4 4 6 6 8 8 9 10 11 12 13 14 15 15 16 16 19 20 
3 5 7 9 7 11 5 13 5 7 13 14 11 12 21 23 18 17 21 21 19 25 17 18 22 22 
4 6 8 10 9 12 10 14 15 16 17 18 19 20 22 24 23 24 25 26 20 26 25 26 23 24 
224
2 1 1 1 2 2 3 3 4 4 6 6 8 8 9 10 11 12 14 14 15 15 16 17 19 20 
3 5 7 9 7 11 5 13 5 7 13 16 11 19 21 12 23 13 21 22 19 20 17 18 22 21 
4 6 8 10 9 12 10 14 15 16 17 18 18 20 22 23 24 24 25 26 26 25 25 26 23 24 
225
2 1 1 1 2 2 3 3 4 4 6 6 8 8 9 10 11 12 14 14 15 15 16 17 18 20 
3 5 7 9 7 11 5 13 5 7 13 16 11 19 21 12 23 13 21 22 19 20 17 19 23 21 
4 6 8 10 9 12 10 14 15 16 17 18 18 20 22 23 24 25 24 26 26 24 25 22 26 25 
226
2 1 1 1 2 2 3 3 4 4 6 6 8 8 9 10 11 12 14 14 15 15 16 17 17 20 
3 5 7 9 7 11 5 13 5 7 13 16 11 19 21 12 24 13 21 22 19 20 24 18 19 21 
4 6 8 10 9 12 10 14 15 16 17 18 18 20 22 23 25 24 25 26 26 25 26 23 22 23 
227
2 1 1 1 2 2 3 3 4 4 6 6 8 8 9 10 11 12 13 14 17 18 18 19 20 21 
3 5 7 9 7 11 5 13 5 7 13 16 11 15 14 12 16 22 15 22 25 20 24 23 21 22 
4 6 8 10 9 12 10 14 15 16 17 18 19 20 19 17 21 23 24 25 26 26 25 26 23 24 
228
2 1 1 1 2 2 3 3 4 4 6 6 8 8 9 10 11 12 13 14 16 17 17 18 19 21 
3 5 7 9 7 11 5 13 5 7 13 16 11 15 14 12 22 22 15 24 23 18 21 20 20 22 
4 6 8 10 9 12 10 14 15 16 17 18 19 20 19 21 23 24 25 25 26 26 24 23 26 25 
229
2 1 1 1 2 2 3 3 4 4 6 6 8 8 9 10 11 12 13 14 16 17 17 18 19 20 
3 5 7 9 7 11 5 13 5 7 13 16 11 15 14 12 22 22 15 25 23 18 21 23 20 21 
4 6 8 10 9 12 10 14 15 16 17 18 19 20 19 21 23 24 25 26 26 26 24 25 24 22 
230
2 1 1 1 2 2 3 3 4 4 6 6 8 8 9 10 11 12 13 14 15 16 18 19 19 21 
3 5 7 9 7 11 5 13 5 7 13 16 11 15 14 12 18 17 24 23 25 17 20 20 21 22 
4 6 8 10 9 12 10 14 15 16 17 18 19 20 21 22 22 23 25 24 26 26 25 26 23 24 
231
2 1 1 1 2 2 3 3 4 4 6 6 8 8 9 10 11 12 13 14 15 16 18 19 19 20 
3 5 7 9 7 11 5 13 5 7 13 16 11 15 14 12 18 17 24 24 23 17 21 20 21 22 
4 6 8 10 9 12 10 14 15 16 17 18 19 20 21 22 22 23 25 26 25 26 24 23 26 25 
232
2 1 1 1 2 2 3 3 4 4 6 6 8 8 9 10 11 12 13 14 14 16 17 17 18 21 
3 5 7 9 7 11 5 13 5 7 13 16 11 20 19 12 23 23 15 15 19 24 18 22 20 22 
4 6 8 10 9 12 10 14 15 16 17 18 19 21 20 22 24 25 21 25 26 26 26 25 24 23 
233
2 1 1 1 2 2 3 3 4 4 6 6 8 8 9 10 11 12 13 14 14 16 17 17 18 20 
3 5 7 9 7 11 5 13 5 7 13 16 11 20 19 12 23 23 15 15 19 24 18 22 21 22 
4 6 8 10 9 12 10 14 15 16 17 18 19 21 20 22 24 25 21 26 25 26 26 25 24 23 
234
2 1 1 1 2 2 3 3 4 4 6 6 8 8 9 10 11 12 13 14 14 15 15 17 18 21 
3 5 7 9 7 11 5 13 5 7 13 16 11 20 22 12 18 17 16 22 23 20 21 20 19 22 
4 6 8 10 9 12 10 14 15 16 17 18 19 21 23 19 24 25 25 24 26 26 24 23 26 25 
235
2 1 1 1 2 2 3 3 4 4 6 6 8 8 9 10 11 12 13 14 14 15 15 16 17 21 
3 5 7 9 7 11 5 13 5 7 13 16 11 20 22 12 18 17 18 22 23 20 21 19 20 22 
4 6 8 10 9 12 10 14 15 16 17 18 19 21 23 24 25 19 24 25 26 26 25 26 23 24 
236
2 1 1 1 2 2 3 3 4 4 6 6 8 8 9 10 11 12 13 14 14 15 15 16 17 18 
3 5 7 9 7 11 5 13 5 7 13 16 11 20 22 12 24 19 18 22 23 20 21 17 20 21 
4 6 8 10 9 12 10 14 15 16 17 18 19 21 23 24 25 26 24 25 26 26 25 19 23 22 
237
2 1 1 1 2 2 3 3 4 4 6 6 8 8 9 10 11 12 12 14 15 15 16 16 19 20 
3 5 7 9 7 11 5 13 5 7 13 18 11 17 21 23 14 13 24 22 17 20 18 19 22 21 
4 6 8 10 9 12 10 14 15 16 17 19 18 20 22 24 21 23 25 26 26 25 25 26 23 24 
238
2 1 1 1 2 2 3 3 4 4 6 6 8 8 9 10 11 12 12 14 14 15 16 16 19 20 
3 5 7 9 7 11 5 13 5 7 13 18 11 20 17 23 15 13 24 17 22 21 18 19 21 22 
4 6 8 10 9 12 10 14 15 16 17 19 18 21 22 24 20 23 25 26 25 26 25 26 23 24 
239
2 1 1 1 2 2 3 3 4 4 6 6 8 8 9 10 11 12 12 14 14 15 16 16 19 20 
3 5 7 9 7 11 5 13 5 7 13 18 11 20 17 23 15 13 20 19 22 21 17 25 21 22 
4 6 8 10 9 12 10 14 15 16 17 19 18 21 22 24 23 23 25 26 25 26 18 26 24 24 
240
2 1 1 1 2 2 3 3 4 4 6 6 8 8 9 10 11 12 12 14 14 15 16 16 19 20 
3 5 7 9 7 11 5 13 5 7 13 18 11 20 20 23 19 13 17 15 22 21 17 21 22 24 
4 6 8 10 9 12 10 14 15 16 17 19 18 21 22 24 23 23 25 26 24 25 18 26 26 25 
241
2 1 1 1 2 2 3 3 4 4 6 6 8 8 9 10 11 12 12 14 14 15 16 16 19 20 
3 5 7 9 7 11 5 13 5 7 13 18 11 20 20 23 19 13 17 15 22 21 17 22 21 24 
4 6 8 10 9 12 10 14 15 16 17 19 18 21 22 24 23 23 25 26 25 24 18 26 26 25 
242
2 1 1 1 2 2 3 3 4 4 6 6 8 8 9 10 11 12 12 14 14 15 15 17 19 21 
3 5 7 9 7 11 5 13 5 7 13 18 11 20 22 17 16 13 16 22 23 20 21 18 20 22 
4 6 8 10 9 12 10 14 15 16 17 19 18 21 23 19 24 24 25 25 26 26 25 26 23 24 
243
2 1 1 1 2 2 3 3 4 4 6 6 8 8 9 10 11 12 12 14 14 15 15 16 19 21 
3 5 7 9 7 11 5 13 5 7 13 18 11 20 22 17 16 13 17 22 23 20 21 18 20 22 
4 6 8 10 9 12 10 14 15 16 17 19 18 21 23 24 19 24 25 25 26 26 25 26 23 24 
244
2 1 1 1 2 2 3 3 4 4 6 6 8 8 9 10 11 12 12 14 14 15 15 16 19 21 
3 5 7 9 7 11 5 13 5 7 13 18 11 20 22 18 19 13 17 22 23 20 21 17 20 22 
4 6 8 10 9 12 10 14 15 16 17 19 18 21 23 24 24 16 25 25 26 26 25 26 23 24 
245
2 1 1 1 2 2 3 3 4 4 6 6 8 8 9 10 11 12 12 14 14 15 15 16 17 21 
3 5 7 9 7 11 5 13 5 7 13 18 11 20 22 19 19 13 16 22 23 20 21 18 20 22 
4 6 8 10 9 12 10 14 15 16 17 19 18 21 23 24 25 24 17 25 26 26 25 26 23 24 
246
2 1 1 1 2 2 3 3 4 4 6 6 8 8 9 10 11 12 12 14 14 15 15 16 17 19 
3 5 7 9 7 11 5 13 5 7 13 18 11 20 22 19 24 13 16 22 23 20 21 17 20 21 
4 6 8 10 9 12 10 14 15 16 17 19 18 21 23 24 25 24 26 25 26 26 25 18 23 22 
247
2 1 1 1 2 2 3 3 4 4 6 6 8 8 9 10 11 12 12 14 14 15 15 16 16 21 
3 5 7 9 7 11 5 13 5 7 13 18 11 20 22 24 19 13 17 17 23 20 21 18 19 22 
4 6 8 10 9 12 10 14 15 16 17 19 18 21 23 25 20 24 25 22 26 26 24 23 26 25 
248
2 1 1 1 2 2 3 3 4 4 6 6 8 8 9 10 11 12 12 14 14 15 15 16 16 20 
3 5 7 9 7 11 5 13 5 7 13 18 11 20 22 24 19 13 17 22 23 17 21 18 19 23 
4 6 8 10 9 12 10 14 15 16 17 19 18 21 23 25 22 24 25 26 24 20 26 21 26 25 
249
2 1 1 1 2 2 3 3 4 4 6 6 8 8 9 10 11 12 12 14 14 15 15 16 16 21 
3 5 7 9 7 11 5 13 5 7 13 18 11 20 22 24 19 13 17 18 23 20 21 17 19 22 
4 6 8 10 9 12 10 14 15 16 17 19 18 21 23 25 24 20 25 22 26 26 24 23 26 25 
250
2 1 1 1 2 2 3 3 4 4 6 6 8 8 9 10 11 12 12 14 14 15 15 16 16 20 
3 5 7 9 7 11 5 13 5 7 13 18 11 20 22 24 19 13 17 22 23 18 21 17 19 23 
4 6 8 10 9 12 10 14 15 16 17 19 18 21 23 25 24 22 25 26 24 20 26 21 26 25 
251
2 1 1 1 2 2 3 3 4 4 6 6 8 8 9 10 11 12 12 13 14 15 15 16 16 21 
3 5 7 9 7 11 5 13 5 7 13 18 11 18 22 24 19 14 17 23 23 18 20 17 19 22 
4 6 8 10 9 12 10 14 15 16 17 19 20 21 23 25 24 22 25 24 26 26 21 20 26 25 
252
2 1 1 1 2 2 3 3 4 4 6 6 8 8 9 10 11 12 12 13 14 15 15 16 16 18 
3 5 7 9 7 11 5 13 5 7 13 18 11 18 22 24 19 14 17 21 20 20 21 17 19 23 
4 6 8 10 9 12 10 14 15 16 17 19 20 21 23 25 24 26 25 22 23 24 26 22 26 25 
253
2 1 1 1 2 2 3 3 4 4 6 6 8 8 9 10 11 12 12 13 14 14 16 16 18 19 
3 5 7 9 7 11 5 13 5 7 13 18 11 21 17 23 15 23 24 21 15 17 18 19 20 22 
4 6 8 10 9 12 10 14 15 16 17 19 20 22 21 24 22 25 26 25 20 26 26 25 24 23 
254
2 1 1 1 2 2 3 3 4 4 6 6 8 8 9 10 11 12 12 13 14 14 15 16 18 19 
3 5 7 9 7 11 5 13 5 7 13 18 11 21 17 20 15 20 24 16 17 23 22 19 22 21 
4 6 8 10 9 12 10 14 15 16 17 19 20 22 23 24 21 25 26 18 26 25 26 25 24 23 
255
2 1 1 1 2 2 3 3 4 4 6 6 8 8 9 10 11 12 12 13 14 14 15 16 16 19 
3 5 7 9 7 11 5 13 5 7 13 18 11 21 17 24 15 20 25 18 17 23 20 18 19 22 
4 6 8 10 9 12 10 14 15 16 17 19 20 22 23 25 21 24 26 23 25 26 22 26 21 24 
256
2 1 1 1 2 2 3 3 4 4 6 6 8 8 9 10 11 12 12 13 14 14 15 16 16 22 
3 5 7 9 7 11 5 13 5 7 13 18 11 21 18 24 19 15 17 18 20 24 21 17 19 23 
4 6 8 10 9 12 10 14 15 16 17 19 20 22 23 25 24 20 25 21 23 26 26 22 26 25 
257
2 1 1 1 2 2 3 3 4 4 6 6 8 8 9 10 11 12 12 13 14 14 15 16 16 21 
3 5 7 9 7 11 5 13 5 7 13 18 11 21 18 24 19 15 17 22 18 20 22 17 19 23 
4 6 8 10 9 12 10 14 15 16 17 19 20 22 23 25 24 21 25 24 26 23 26 20 26 25 
258
2 1 1 1 2 2 3 3 4 4 6 6 8 8 9 10 11 12 12 13 14 14 15 16 16 19 
3 5 7 9 7 11 5 13 5 7 13 18 11 21 18 24 21 15 24 18 17 20 22 17 21 23 
4 6 8 10 9 12 10 14 15 16 17 19 20 22 23 25 24 20 26 22 25 23 26 19 26 25 
259
2 1 1 1 2 2 3 3 4 4 6 6 8 8 9 10 11 12 12 14 14 17 18 19 20 21 
3 5 7 9 7 11 5 13 5 7 16 18 15 20 13 11 13 16 21 15 19 24 25 22 23 22 
4 6 8 10 9 12 10 14 15 16 17 19 17 21 20 18 22 23 24 25 26 26 26 25 24 23 
260
2 1 1 1 2 2 3 3 4 4 6 6 8 8 9 10 11 12 12 14 14 15 16 19 20 21 
3 5 7 9 7 11 5 13 5 7 16 18 15 20 13 11 13 17 20 19 24 24 18 21 22 23 
4 6 8 10 9 12 10 14 15 16 17 19 17 21 22 23 18 23 24 25 26 25 26 22 26 25 
261
2 1 1 1 2 2 3 3 4 4 6 6 8 8 9 10 11 12 12 14 14 17 18 19 20 21 
3 5 7 9 7 11 5 13 5 7 16 18 15 20 13 11 21 13 16 15 17 23 22 25 22 23 
4 6 8 10 9 12 10 14 15 16 17 19 18 21 20 19 22 23 24 25 26 25 26 26 24 24 
262
2 1 1 1 2 2 3 3 4 4 6 6 8 8 9 10 11 12 12 14 14 16 17 18 19 22 
3 5 7 9 7 11 5 13 5 7 16 18 15 20 13 11 21 13 23 15 17 25 19 20 21 23 
4 6 8 10 9 12 10 14 15 16 17 19 18 21 20 22 23 24 25 24 25 26 26 26 22 24 
263
2 1 1 1 2 2 3 3 4 4 6 6 8 8 9 10 11 12 12 14 14 16 17 17 19 20 
3 5 7 9 7 11 5 13 5 7 16 18 15 20 13 11 23 13 23 15 18 25 19 21 22 22 
4 6 8 10 9 12 10 14 15 16 17 19 18 21 20 22 24 21 25 26 24 26 26 25 24 23 
264
2 1 1 1 2 2 3 3 4 4 6 6 8 8 9 10 11 12 12 14 14 15 17 18 20 21 
3 5 7 9 7 11 5 13 5 7 16 18 15 20 13 11 20 13 16 17 24 25 19 21 22 22 
4 6 8 10 9 12 10 14 15 16 17 19 18 21 22 19 23 24 23 25 26 26 26 25 24 23 
265
2 1 1 1 2 2 3 3 4 4 6 6 8 8 9 10 11 12 12 14 14 15 16 18 20 21 
3 5 7 9 7 11 5 13 5 7 16 18 15 20 13 11 19 13 17 17 24 25 19 21 22 22 
4 6 8 10 9 12 10 14 15 16 17 19 18 21 22 23 20 24 23 25 26 26 26 25 24 23 
266
2 1 1 1 2 2 3 3 4 4 6 6 8 8 9 10 11 12 12 14 14 15 16 17 19 22 
3 5 7 9 7 11 5 13 5 7 16 18 15 20 13 11 20 13 24 17 18 21 25 19 20 23 
4 6 8 10 9 12 10 14 15 16 17 19 18 21 22 23 24 21 25 25 22 26 26 26 23 24 
267
2 1 1 1 2 2 3 3 4 4 6 6 8 8 9 10 11 12 12 13 14 17 18 19 20 21 
3 5 7 9 7 11 5 13 5 7 16 18 15 18 13 11 20 14 16 17 15 23 22 25 23 22 
4 6 8 10 9 12 10 14 15 16 17 19 20 21 21 19 22 23 24 25 26 26 25 26 24 24 
268
2 1 1 1 2 2 3 3 4 4 6 6 8 8 9 10 11 12 12 13 14 17 17 18 19 23 
3 5 7 9 7 11 5 13 5 7 16 18 15 18 13 11 22 14 16 22 15 20 21 22 20 24 
4 6 8 10 9 12 10 14 15 16 17 19 20 21 21 19 23 24 25 25 23 24 26 26 26 25 
269
2 1 1 1 2 2 3 3 4 4 6 6 8 8 9 10 11 12 12 13 14 16 17 18 19 20 
3 5 7 9 7 11 5 13 5 7 16 18 15 18 13 11 20 14 23 17 15 24 19 22 22 21 
4 6 8 10 9 12 10 14 15 16 17 19 20 21 21 22 23 24 25 26 26 25 24 23 26 25 
270
2 1 1 1 2 2 3 3 4 4 6 6 8 8 9 10 11 12 12 13 14 16 17 17 19 21 
3 5 7 9 7 11 5 13 5 7 16 18 15 18 13 11 23 14 23 18 15 25 19 20 22 22 
4 6 8 10 9 12 10 14 15 16 17 19 20 21 21 22 24 20 25 24 26 26 26 25 24 23 
271
2 1 1 1 2 2 3 3 4 4 6 6 8 8 9 10 11 12 12 13 14 16 17 17 19 20 
3 5 7 9 7 11 5 13 5 7 16 18 15 18 13 11 23 14 23 18 15 25 19 21 22 22 
4 6 8 10 9 12 10 14 15 16 17 19 20 21 21 22 24 20 25 26 24 26 26 25 24 23 
272
2 1 1 1 2 2 3 3 4 4 6 6 8 8 9 10 11 12 12 13 14 16 17 17 18 19 
3 5 7 9 7 11 5 13 5 7 16 18 15 18 13 11 23 14 23 24 15 25 19 20 22 20 
4 6 8 10 9 12 10 14 15 16 17 19 20 21 21 22 24 25 26 26 24 26 25 21 23 22 
273
2 1 1 1 2 2 3 3 4 4 6 6 8 8 9 10 11 12 12 13 14 15 16 18 20 21 
3 5 7 9 7 11 5 13 5 7 16 18 15 18 13 11 19 14 17 17 25 24 19 22 21 22 
4 6 8 10 9 12 10 14 15 16 17 19 20 21 22 23 20 24 23 25 26 26 26 25 24 23 
274
2 1 1 1 2 2 3 3 4 4 6 6 8 8 9 10 11 12 12 13 14 14 16 18 19 19 
3 5 7 9 7 11 5 13 5 7 16 18 17 21 20 11 13 22 25 15 15 18 24 23 20 22 
4 6 8 10 9 12 10 14 15 16 17 19 20 22 21 23 21 24 26 25 17 26 26 25 24 23 
275
2 1 1 1 2 2 3 3 4 4 6 6 8 8 9 10 11 12 12 13 14 14 16 17 18 19 
3 5 7 9 7 11 5 13 5 7 16 18 17 21 20 11 13 21 24 15 15 20 25 19 23 22 
4 6 8 10 9 12 10 14 15 16 17 19 20 22 21 23 24 25 26 22 18 26 26 25 24 23 
276
2 1 1 1 2 2 3 3 4 4 6 6 8 8 9 10 11 12 12 13 14 14 16 17 19 20 
3 5 7 9 7 11 5 13 5 7 16 18 18 21 20 11 22 13 24 15 15 17 25 19 22 23 
4 6 8 10 9 12 10 14 15 16 17 19 20 22 21 23 24 21 25 26 18 25 26 26 23 24 
277
2 1 1 1 2 2 3 3 4 4 6 6 8 8 9 10 11 12 12 13 14 14 16 17 18 19 
3 5 7 9 7 11 5 13 5 7 16 18 18 21 20 11 22 13 24 15 15 17 25 19 23 21 
4 6 8 10 9 12 10 14 15 16 17 19 20 22 21 23 24 25 26 22 26 20 26 25 24 23 
278
2 1 1 1 2 2 3 3 4 4 6 6 8 8 9 10 11 11 12 12 14 14 15 15 16 16 
3 5 7 9 7 11 5 13 5 7 17 19 17 21 23 25 13 20 13 18 23 24 17 19 18 20 
4 6 8 10 9 12 10 14 15 16 18 20 19 22 24 26 23 25 24 26 25 26 21 22 21 22 
279
2 1 1 1 2 2 3 3 4 4 6 6 7 8 8 10 11 11 12 12 13 14 15 16 17 19 
3 5 7 9 7 11 5 14 5 13 17 19 10 9 17 19 15 22 16 21 20 18 18 20 22 21 
4 6 8 10 9 12 13 15 14 16 18 20 21 22 23 24 25 23 26 24 26 25 24 23 26 25 
280
2 1 1 1 2 2 3 3 4 4 6 6 7 8 8 10 11 11 12 12 13 14 15 16 17 19 
3 5 7 9 7 11 5 14 5 13 17 19 10 9 17 19 15 22 16 21 20 18 18 20 22 21 
4 6 8 10 9 12 13 15 14 16 18 20 21 22 23 24 25 23 26 24 26 25 26 25 24 23