7 8 9
2 3 4
1 3 4
1 2 5
1 2 5
3 4 6
5 7 8
0 6 9
0 6 9
0 7 8

7 8 9
2 3 4
1 3 4
1 2 5
1 2 6
3 6 7
4 5 8
0 5 9
0 6 9
0 7 8

7 8 9
2 3 4
1 3 4
1 2 5
1 2 6
3 7 8
4 7 9
0 5 6
0 5 9
0 6 8

6 8 9
2 3 4
1 3 4
1 2 5
1 2 6
3 7 8
0 4 9
5 8 9
0 5 7
0 6 7

6 7 8
2 3 4
1 3 4
1 2 5
1 2 6
3 7 8
0 4 9
0 5 9
0 5 9
6 7 8

7 8 9
2 3 4
1 3 5
1 2 6
1 5 7
2 4 8
3 7 9
0 4 6
0 5 9
0 6 8

6 8 9
2 3 4
1 3 5
1 2 6
1 5 7
2 4 8
0 3 9
4 8 9
0 5 7
0 6 7

6 7 8
2 3 4
1 3 5
1 2 6
1 5 7
2 4 8
0 3 9
0 4 9
0 5 9
6 7 8

6 8 9
2 3 4
1 3 5
1 2 6
1 7 8
2 7 8
0 3 9
4 5 9
0 4 5
0 6 7

6 8 9
2 3 4
1 3 5
1 2 6
1 7 8
2 7 9
0 3 7
4 5 6
0 4 9
0 5 8

7 8 9
2 3 4
1 3 5
1 2 6
1 7 8
2 7 9
3 8 9
0 4 5
0 4 6
0 5 6

6 8 9
2 3 4
1 3 5
1 2 6
1 7 8
2 7 9
0 3 8
4 5 9
0 4 6
0 5 7

6 7 9
2 3 4
1 3 5
1 2 6
1 7 8
2 7 9
0 3 8
0 4 5
4 6 9
0 5 8

6 7 8
2 3 4
1 5 6
1 5 6
1 7 8
2 3 9
0 2 3
0 4 9
0 4 9
5 7 8

6 8 9
2 3 4
1 5 6
1 5 7
1 6 8
2 3 9
0 2 4
3 8 9
0 4 7
0 5 7

6 7 9
2 3 4
1 5 6
1 5 7
1 6 8
2 3 9
0 2 4
0 3 8
4 7 9
0 5 8

6 7 8
2 3 4
1 5 6
1 5 7
1 6 8
2 3 9
0 2 4
0 3 9
0 4 9
5 7 8

6 7 8
2 3 4
1 5 6
1 5 7
1 8 9
2 3 8
0 2 9
0 3 9
0 4 5
4 6 7

4 6 7
2 3 4
1 5 6
1 7 8
0 1 9
2 7 9
0 2 8
0 3 5
3 6 9
4 5 8