9 10 11 
2 3 4 
1 3 4 
1 2 5 
1 2 5 
3 4 6 
5 7 8 
6 8 9 
6 7 10 
0 7 11 
0 8 11 
0 9 10 

9 10 11 
2 3 4 
1 3 4 
1 2 5 
1 2 5 
3 4 6 
5 7 8 
6 9 10 
6 9 11 
0 7 8 
0 7 11 
0 8 10 

8 10 11 
2 3 4 
1 3 4 
1 2 5 
1 2 5 
3 4 6 
5 7 8 
6 9 10 
0 6 11 
7 10 11 
0 7 9 
0 8 9 

8 9 10 
2 3 4 
1 3 4 
1 2 5 
1 2 5 
3 4 6 
5 7 8 
6 9 10 
0 6 11 
0 7 11 
0 7 11 
8 9 10 

9 10 11 
2 3 4 
1 3 4 
1 2 5 
1 2 6 
3 6 7 
4 5 8 
5 8 9 
6 7 10 
0 7 11 
0 8 11 
0 9 10 

9 10 11 
2 3 4 
1 3 4 
1 2 5 
1 2 6 
3 6 7 
4 5 8 
5 9 10 
6 9 11 
0 7 8 
0 7 11 
0 8 10 

8 10 11 
2 3 4 
1 3 4 
1 2 5 
1 2 6 
3 6 7 
4 5 8 
5 9 10 
0 6 11 
7 10 11 
0 7 9 
0 8 9 

8 9 10 
2 3 4 
1 3 4 
1 2 5 
1 2 6 
3 6 7 
4 5 8 
5 9 10 
0 6 11 
0 7 11 
0 7 11 
8 9 10 

9 10 11 
2 3 4 
1 3 4 
1 2 5 
1 2 6 
3 7 8 
4 7 8 
5 6 9 
5 6 10 
0 7 11 
0 8 11 
0 9 10 

9 10 11 
2 3 4 
1 3 4 
1 2 5 
1 2 6 
3 7 8 
4 7 9 
5 6 8 
5 7 10 
0 6 11 
0 8 11 
0 9 10 

9 10 11 
2 3 4 
1 3 4 
1 2 5 
1 2 6 
3 7 8 
4 7 9 
5 6 10 
5 9 11 
0 6 8 
0 7 11 
0 8 10 

9 10 11 
2 3 4 
1 3 4 
1 2 5 
1 2 6 
3 7 8 
4 7 9 
5 6 10 
5 10 11 
0 6 11 
0 7 8 
0 8 9 

8 9 10 
2 3 4 
1 3 4 
1 2 5 
1 2 6 
3 7 8 
4 7 9 
5 6 10 
0 5 11 
0 6 11 
0 7 11 
8 9 10 

9 10 11 
2 3 4 
1 3 4 
1 2 5 
1 2 6 
3 7 8 
4 9 10 
5 8 9 
5 7 11 
0 6 7 
0 6 11 
0 8 10 

9 10 11 
2 3 4 
1 3 4 
1 2 5 
1 2 6 
3 7 8 
4 9 10 
5 8 11 
5 7 11 
0 6 10 
0 6 9 
0 7 8 

8 10 11 
2 3 4 
1 3 4 
1 2 5 
1 2 6 
3 7 8 
4 9 10 
5 8 11 
0 5 7 
6 10 11 
0 6 9 
0 7 9 

8 9 10 
2 3 4 
1 3 4 
1 2 5 
1 2 6 
3 7 8 
4 9 10 
5 8 11 
0 5 7 
0 6 11 
0 6 11 
7 9 10 

8 10 11 
2 3 4 
1 3 4 
1 2 5 
1 2 6 
3 7 8 
4 9 10 
5 9 10 
0 5 11 
6 7 11 
0 6 7 
0 8 9 

9 10 11 
2 3 4 
1 3 4 
1 2 5 
1 2 6 
3 7 8 
4 9 10 
5 9 11 
5 10 11 
0 6 7 
0 6 8 
0 7 8 

8 10 11 
2 3 4 
1 3 4 
1 2 5 
1 2 6 
3 7 8 
4 9 10 
5 9 11 
0 5 10 
6 7 11 
0 6 8 
0 7 9 

8 9 11 
2 3 4 
1 3 4 
1 2 5 
1 2 6 
3 7 8 
4 9 10 
5 9 11 
0 5 10 
0 6 7 
6 8 11 
0 7 10 

8 9 10 
2 3 4 
1 3 4 
1 2 5 
1 2 6 
3 7 8 
4 9 10 
5 9 11 
0 5 11 
0 6 7 
0 6 11 
7 8 10 

9 10 11 
2 3 4 
1 3 5 
1 2 6 
1 5 6 
2 4 7 
3 4 8 
5 9 10 
6 9 11 
0 7 8 
0 7 11 
0 8 10 

8 10 11 
2 3 4 
1 3 5 
1 2 6 
1 5 6 
2 4 7 
3 4 8 
5 9 10 
0 6 11 
7 10 11 
0 7 9 
0 8 9 

8 9 10 
2 3 4 
1 3 5 
1 2 6 
1 5 6 
2 4 7 
3 4 8 
5 9 10 
0 6 11 
0 7 11 
0 7 11 
8 9 10 

9 10 11 
2 3 4 
1 3 5 
1 2 6 
1 5 7 
2 4 7 
3 8 9 
4 5 10 
6 9 11 
0 6 8 
0 7 11 
0 8 10 

8 9 10 
2 3 4 
1 3 5 
1 2 6 
1 5 7 
2 4 7 
3 8 9 
4 5 10 
0 6 11 
0 6 11 
0 7 11 
8 9 10 

9 10 11 
2 3 4 
1 3 5 
1 2 6 
1 5 7 
2 4 8 
3 7 9 
4 6 10 
5 9 11 
0 6 8 
0 7 11 
0 8 10 

9 10 11 
2 3 4 
1 3 5 
1 2 6 
1 5 7 
2 4 8 
3 7 9 
4 6 10 
5 10 11 
0 6 11 
0 7 8 
0 8 9 

8 10 11 
2 3 4 
1 3 5 
1 2 6 
1 5 7 
2 4 8 
3 7 9 
4 6 10 
0 5 11 
6 10 11 
0 7 9 
0 8 9 

8 9 10 
2 3 4 
1 3 5 
1 2 6 
1 5 7 
2 4 8 
3 7 9 
4 6 10 
0 5 11 
0 6 11 
0 7 11 
8 9 10 

8 10 11 
2 3 4 
1 3 5 
1 2 6 
1 5 7 
2 4 8 
3 9 10 
4 8 11 
0 5 7 
6 10 11 
0 6 9 
0 7 9 

8 9 10 
2 3 4 
1 3 5 
1 2 6 
1 5 7 
2 4 8 
3 9 10 
4 8 11 
0 5 7 
0 6 11 
0 6 11 
7 9 10 

8 10 11 
2 3 4 
1 3 5 
1 2 6 
1 5 7 
2 4 8 
3 9 10 
4 9 10 
0 5 11 
6 7 11 
0 6 7 
0 8 9 

8 10 11 
2 3 4 
1 3 5 
1 2 6 
1 5 7 
2 4 8 
3 9 10 
4 9 11 
0 5 9 
6 7 8 
0 6 11 
0 7 10 

9 10 11 
2 3 4 
1 3 5 
1 2 6 
1 5 7 
2 4 8 
3 9 10 
4 9 11 
5 10 11 
0 6 7 
0 6 8 
0 7 8 

8 10 11 
2 3 4 
1 3 5 
1 2 6 
1 5 7 
2 4 8 
3 9 10 
4 9 11 
0 5 10 
6 7 11 
0 6 8 
0 7 9 

8 9 11 
2 3 4 
1 3 5 
1 2 6 
1 5 7 
2 4 8 
3 9 10 
4 9 11 
0 5 10 
0 6 7 
6 8 11 
0 7 10 

8 10 11 
2 3 4 
1 3 5 
1 2 6 
1 5 7 
2 4 8 
3 9 10 
4 9 11 
0 5 11 
6 7 10 
0 6 9 
0 7 8 

8 9 10 
2 3 4 
1 3 5 
1 2 6 
1 5 7 
2 4 8 
3 9 10 
4 9 11 
0 5 11 
0 6 7 
0 6 11 
7 8 10 

7 8 10 
2 3 4 
1 3 5 
1 2 6 
1 5 7 
2 4 8 
3 9 10 
0 4 11 
0 5 11 
6 10 11 
0 6 9 
7 8 9 

8 9 10 
2 3 4 
1 3 5 
1 2 6 
1 7 8 
2 7 8 
3 9 10 
4 5 11 
0 4 5 
0 6 11 
0 6 11 
7 9 10 

8 9 10 
2 3 4 
1 3 5 
1 2 6 
1 7 8 
2 7 9 
3 7 10 
4 5 6 
0 4 11 
0 5 11 
0 6 11 
8 9 10 

9 10 11 
2 3 4 
1 3 5 
1 2 6 
1 7 8 
2 7 9 
3 8 9 
4 5 10 
4 6 11 
0 5 6 
0 7 11 
0 8 10 

9 10 11 
2 3 4 
1 3 5 
1 2 6 
1 7 8 
2 7 9 
3 8 10 
4 5 10 
4 6 11 
0 5 11 
0 6 7 
0 8 9 

9 10 11 
2 3 4 
1 3 5 
1 2 6 
1 7 8 
2 7 9 
3 8 10 
4 5 11 
4 6 11 
0 5 10 
0 6 9 
0 7 8 

8 10 11 
2 3 4 
1 3 5 
1 2 6 
1 7 8 
2 7 9 
3 8 10 
4 5 11 
0 4 6 
5 10 11 
0 6 9 
0 7 9 

8 9 11 
2 3 4 
1 3 5 
1 2 6 
1 7 8 
2 7 9 
3 8 10 
4 5 11 
0 4 6 
0 5 10 
6 9 11 
0 7 10 

8 9 10 
2 3 4 
1 3 5 
1 2 6 
1 7 8 
2 7 9 
3 8 10 
4 5 11 
0 4 6 
0 5 11 
0 6 11 
7 9 10 

8 10 11 
2 3 4 
1 3 5 
1 2 6 
1 7 8 
2 7 9 
3 10 11 
4 5 8 
0 4 7 
5 10 11 
0 6 9 
0 6 9 

9 10 11 
2 3 4 
1 3 5 
1 2 6 
1 7 8 
2 7 9 
3 10 11 
4 5 10 
4 9 11 
0 5 8 
0 6 7 
0 6 8 

8 9 11 
2 3 4 
1 3 5 
1 2 6 
1 7 8 
2 7 9 
3 10 11 
4 5 10 
0 4 9 
0 5 8 
6 7 11 
0 6 10 

8 9 11 
2 3 4 
1 3 5 
1 2 6 
1 7 8 
2 7 9 
3 10 11 
4 5 10 
0 4 10 
0 5 11 
6 7 8 
0 6 9 

8 9 10 
2 3 4 
1 3 5 
1 2 6 
1 7 8 
2 7 9 
3 10 11 
4 5 10 
0 4 11 
0 5 11 
0 6 7 
6 8 9 

7 10 11 
2 3 4 
1 3 5 
1 2 6 
1 7 8 
2 7 9 
3 10 11 
0 4 5 
4 9 10 
5 8 11 
0 6 8 
0 6 9 

7 9 11 
2 3 4 
1 3 5 
1 2 6 
1 7 8 
2 7 9 
3 10 11 
0 4 5 
4 9 10 
0 5 8 
6 8 11 
0 6 10 

7 9 11 
2 3 4 
1 3 5 
1 2 6 
1 7 8 
2 7 9 
3 10 11 
0 4 5 
4 10 11 
0 5 10 
6 8 9 
0 6 8 

7 8 9 
2 3 4 
1 3 5 
1 2 6 
1 7 8 
2 7 9 
3 10 11 
0 4 5 
0 4 10 
0 5 11 
6 8 11 
6 9 10 

6 10 11 
2 3 4 
1 3 5 
1 2 6 
1 7 8 
2 9 10 
0 3 11 
4 8 9 
4 7 11 
5 7 10 
0 5 9 
0 6 8 

6 9 10 
2 3 4 
1 3 5 
1 2 6 
1 7 8 
2 9 10 
0 3 11 
4 8 9 
4 7 11 
0 5 7 
0 5 11 
6 8 10 

6 8 10 
2 3 4 
1 3 5 
1 2 6 
1 7 8 
2 9 10 
0 3 11 
4 9 10 
0 4 11 
5 7 11 
0 5 7 
6 8 9 

6 8 10 
2 3 4 
1 3 5 
1 2 6 
1 7 8 
2 9 10 
0 3 11 
4 9 11 
0 4 10 
5 7 11 
0 5 8 
6 7 9 

6 8 9 
2 3 4 
1 3 5 
1 2 6 
1 7 8 
2 9 10 
0 3 11 
4 9 11 
0 4 10 
0 5 7 
5 8 11 
6 7 10 

8 9 10 
2 3 4 
1 5 6 
1 5 6 
1 5 7 
2 3 4 
2 3 8 
4 9 10 
0 6 11 
0 7 11 
0 7 11 
8 9 10 

8 9 10 
2 3 4 
1 5 6 
1 5 6 
1 7 8 
2 3 7 
2 3 9 
4 5 10 
0 4 11 
0 6 11 
0 7 11 
8 9 10 

9 10 11 
2 3 4 
1 5 6 
1 5 6 
1 7 8 
2 3 9 
2 3 10 
4 9 11 
4 10 11 
0 5 7 
0 6 8 
0 7 8 

8 9 11 
2 3 4 
1 5 6 
1 5 6 
1 7 8 
2 3 9 
2 3 10 
4 9 11 
0 4 10 
0 5 7 
6 8 11 
0 7 10 

8 10 11 
2 3 4 
1 5 6 
1 5 7 
1 6 8 
2 3 9 
2 4 10 
3 8 11 
0 4 7 
5 10 11 
0 6 9 
0 7 9 

8 9 11 
2 3 4 
1 5 6 
1 5 7 
1 6 8 
2 3 9 
2 4 10 
3 8 11 
0 4 7 
0 5 10 
6 9 11 
0 7 10 

8 9 10 
2 3 4 
1 5 6 
1 5 7 
1 6 8 
2 3 9 
2 4 10 
3 8 11 
0 4 7 
0 5 11 
0 6 11 
7 9 10 

9 10 11 
2 3 4 
1 5 6 
1 5 7 
1 6 8 
2 3 9 
2 4 10 
3 9 11 
4 10 11 
0 5 7 
0 6 8 
0 7 8 

8 9 11 
2 3 4 
1 5 6 
1 5 7 
1 6 8 
2 3 9 
2 4 10 
3 9 11 
0 4 10 
0 5 7 
6 8 11 
0 7 10 

8 9 10 
2 3 4 
1 5 6 
1 5 7 
1 6 8 
2 3 9 
2 4 10 
3 9 11 
0 4 11 
0 5 7 
0 6 11 
7 8 10 

9 10 11 
2 3 4 
1 5 6 
1 5 7 
1 6 8 
2 3 9 
2 4 10 
3 10 11 
4 9 11 
0 5 8 
0 6 7 
0 7 8 

8 9 10 
2 3 4 
1 5 6 
1 5 7 
1 6 8 
2 3 9 
2 4 10 
3 10 11 
0 4 11 
0 5 11 
0 6 7 
7 8 9 

8 10 11 
2 3 4 
1 5 6 
1 5 7 
1 8 9 
2 3 8 
2 7 10 
3 6 11 
0 4 5 
4 10 11 
0 6 9 
0 7 9 

8 10 11 
2 3 4 
1 5 6 
1 5 7 
1 8 9 
2 3 8 
2 9 10 
3 10 11 
0 4 5 
4 6 11 
0 6 7 
0 7 9 

8 9 11 
2 3 4 
1 5 6 
1 5 7 
1 8 9 
2 3 8 
2 10 11 
3 10 11 
0 4 5 
0 4 10 
6 7 9 
0 6 7 

7 10 11 
2 3 4 
1 5 6 
1 5 7 
1 8 9 
2 3 10 
2 8 11 
0 3 8 
4 6 7 
4 10 11 
0 5 9 
0 6 9 

7 9 10 
2 3 4 
1 5 6 
1 5 7 
1 8 9 
2 3 10 
2 8 11 
0 3 8 
4 6 7 
0 4 11 
0 5 11 
6 9 10 

7 8 10 
2 3 4 
1 5 6 
1 5 7 
1 8 9 
2 3 10 
2 8 11 
0 3 9 
0 4 6 
4 7 11 
0 5 11 
6 9 10 

7 8 10 
2 3 4 
1 5 6 
1 5 7 
1 8 9 
2 3 10 
2 8 11 
0 3 11 
0 4 6 
4 10 11 
0 5 9 
6 7 9 

6 7 9 
2 3 4 
1 5 6 
1 5 7 
1 8 9 
2 3 10 
0 2 11 
0 3 11 
4 10 11 
0 4 10 
5 8 9 
6 7 8 

8 9 11 
2 3 4 
1 5 6 
1 7 8 
1 9 10 
2 7 9 
2 8 10 
3 5 11 
0 3 6 
0 4 5 
4 6 11 
0 7 10 

7 10 11 
2 3 4 
1 5 6 
1 7 8 
1 9 10 
2 7 9 
2 8 11 
0 3 5 
3 6 10 
4 5 11 
0 4 8 
0 6 9